query_file;Sort_node_id;Sort_node_type;Sort_depth;Sort_parent_relationship;Sort_subplan_name;Sort_np;Sort_nt;Sort_nt1;Sort_nt2;Sort_sel;Sort_startup_cost;Sort_total_cost;Sort_plan_width;Sort_reltuples;Sort_parallel_workers;actual_startup_time;actual_total_time;Sort_st1;Sort_rt1;Sort_st2;Sort_rt2;HashJoin_Outer_node_id;HashJoin_Outer_node_type;HashJoin_Outer_depth;HashJoin_Outer_parent_relationship;HashJoin_Outer_subplan_name;HashJoin_Outer_np;HashJoin_Outer_nt;HashJoin_Outer_nt1;HashJoin_Outer_nt2;HashJoin_Outer_sel;HashJoin_Outer_startup_cost;HashJoin_Outer_total_cost;HashJoin_Outer_plan_width;HashJoin_Outer_reltuples;HashJoin_Outer_parallel_workers;HashJoin_Outer_st1;HashJoin_Outer_rt1;HashJoin_Outer_st2;HashJoin_Outer_rt2
Q5_100_seed_812199069;6905;Sort;4;Outer;;0;2338;2338;0;1.0;56870.62;56876.47;116;0.0;0;1052.012;1052.05;41.193;1051.53;0.0;0.0;6906;Hash Join;5;Outer;;0;2338;58459;10000;3.999384183786928e-06;5216.52;56739.8;116;0.0;0;37.535;1040.914;2.504;2.505
Q5_101_seed_820403100;6925;Sort;4;Outer;;0;2362;2362;0;1.0;56960.16;56966.07;116;0.0;0;1057.719;1057.755;41.415;1057.25;0.0;0.0;6926;Hash Join;5;Outer;;0;2362;59037;10000;4.0008808035638665e-06;5216.52;56827.82;116;0.0;0;36.051;1045.553;3.722;3.722
Q5_102_seed_828607131;6945;Sort;4;Outer;;0;2338;2338;0;1.0;56870.62;56876.47;116;0.0;0;1062.044;1062.08;42.917;1061.574;0.0;0.0;6946;Hash Join;5;Outer;;0;2338;58459;10000;3.999384183786928e-06;5216.52;56739.8;116;0.0;0;36.84;1050.07;3.456;3.456
Q5_103_seed_836811162;6965;Sort;4;Outer;;0;2362;2362;0;1.0;56960.16;56966.07;116;0.0;0;1077.94;1077.975;42.023;1077.493;0.0;0.0;6966;Hash Join;5;Outer;;0;2362;59037;10000;4.0008808035638665e-06;5216.52;56827.82;116;0.0;0;38.455;1066.686;2.753;2.753
Q5_104_seed_845015193;6985;Sort;4;Outer;;0;2338;2338;0;1.0;56870.62;56876.47;116;0.0;0;1068.216;1068.25;42.462;1067.753;0.0;0.0;6986;Hash Join;5;Outer;;0;2338;58459;10000;3.999384183786928e-06;5216.52;56739.8;116;0.0;0;37.985;1057.074;2.508;2.508
Q5_105_seed_853219224;7005;Sort;4;Outer;;0;2362;2362;0;1.0;56960.16;56966.07;116;0.0;0;1063.001;1063.035;40.139;1062.551;0.0;0.0;7006;Hash Join;5;Outer;;0;2362;59037;10000;4.0008808035638665e-06;5216.52;56827.82;116;0.0;0;35.329;1050.645;3.772;3.772
Q5_106_seed_861423255;7025;Sort;4;Outer;;0;2338;2338;0;1.0;56870.62;56876.47;116;0.0;0;1086.23;1086.267;41.986;1085.786;0.0;0.0;7026;Hash Join;5;Outer;;0;2338;58459;10000;3.999384183786928e-06;5216.52;56739.8;116;0.0;0;35.409;1072.261;5.307;5.307
Q5_107_seed_869627286;7045;Sort;4;Outer;;0;2362;2362;0;1.0;56960.16;56966.07;116;0.0;0;1037.713;1037.749;35.974;1037.268;0.0;0.0;7046;Hash Join;5;Outer;;0;2362;59037;10000;4.0008808035638665e-06;5216.52;56827.82;116;0.0;0;32.212;1026.513;2.726;2.726
Q5_108_seed_877831317;7065;Sort;4;Outer;;0;2338;2338;0;1.0;56870.62;56876.47;116;0.0;0;1083.495;1083.529;42.795;1083.023;0.0;0.0;7066;Hash Join;5;Outer;;0;2338;58459;10000;3.999384183786928e-06;5216.52;56739.8;116;0.0;0;37.774;1071.775;3.026;3.026
Q5_109_seed_886035348;7085;Sort;4;Outer;;0;2362;2362;0;1.0;56960.16;56966.07;116;0.0;0;1053.359;1053.399;44.136;1052.912;0.0;0.0;7086;Hash Join;5;Outer;;0;2362;59037;10000;4.0008808035638665e-06;5216.52;56827.82;116;0.0;0;39.398;1041.678;3.213;3.213
Q5_10_seed_73836279;7105;Sort;4;Outer;;0;2338;2338;0;1.0;56870.62;56876.47;116;0.0;0;1050.704;1050.74;40.743;1050.231;0.0;0.0;7106;Hash Join;5;Outer;;0;2338;58459;10000;3.999384183786928e-06;5216.52;56739.8;116;0.0;0;36.227;1037.949;3.95;3.95
Q5_110_seed_894239379;7125;Sort;4;Outer;;0;2344;2344;0;1.0;56891.62;56897.48;116;0.0;0;1056.108;1056.143;39.863;1055.67;0.0;0.0;7126;Hash Join;5;Outer;;0;2344;58597;10000;4.000204788641057e-06;5216.52;56760.42;116;0.0;0;31.858;1041.342;6.3;6.3
Q5_111_seed_902443410;7145;Sort;4;Outer;;0;2362;2362;0;1.0;56960.16;56966.07;116;0.0;0;1109.586;1109.62;37.056;1109.126;0.0;0.0;7146;Hash Join;5;Outer;;0;2362;59037;10000;4.0008808035638665e-06;5216.52;56827.82;116;0.0;0;32.542;1097.785;3.256;3.256
Q5_112_seed_910647441;7165;Sort;4;Outer;;0;2344;2344;0;1.0;56891.62;56897.48;116;0.0;0;1057.053;1057.087;39.615;1056.552;0.0;0.0;7166;Hash Join;5;Outer;;0;2344;58597;10000;4.000204788641057e-06;5216.52;56760.42;116;0.0;0;34.365;1043.738;4.598;4.598
Q5_113_seed_918851472;7185;Sort;4;Outer;;0;2362;2362;0;1.0;56960.16;56966.07;116;0.0;0;1061.3;1061.336;40.828;1060.856;0.0;0.0;7186;Hash Join;5;Outer;;0;2362;59037;10000;4.0008808035638665e-06;5216.52;56827.82;116;0.0;0;36.713;1049.856;2.854;2.855
Q5_114_seed_927055503;7205;Sort;4;Outer;;0;2344;2344;0;1.0;56891.62;56897.48;116;0.0;0;1079.172;1079.211;37.85;1078.622;0.0;0.0;7206;Hash Join;5;Outer;;0;2344;58597;10000;4.000204788641057e-06;5216.52;56760.42;116;0.0;0;33.982;1067.078;3.136;3.136
Q5_115_seed_935259534;7225;Sort;4;Outer;;0;2362;2362;0;1.0;56960.16;56966.07;116;0.0;0;1043.47;1043.505;37.736;1043.022;0.0;0.0;7226;Hash Join;5;Outer;;0;2362;59037;10000;4.0008808035638665e-06;5216.52;56827.82;116;0.0;0;33.067;1030.845;4.053;4.053
Q5_116_seed_943463565;7245;Sort;4;Outer;;0;2344;2344;0;1.0;56891.62;56897.48;116;0.0;0;1062.926;1062.963;41.124;1062.453;0.0;0.0;7246;Hash Join;5;Outer;;0;2344;58597;10000;4.000204788641057e-06;5216.52;56760.42;116;0.0;0;36.505;1050.771;3.673;3.673
Q5_117_seed_951667596;7265;Sort;4;Outer;;0;2362;2362;0;1.0;56960.16;56966.07;116;0.0;0;1060.479;1060.514;41.754;1060.032;0.0;0.0;7266;Hash Join;5;Outer;;0;2362;59037;10000;4.0008808035638665e-06;5216.52;56827.82;116;0.0;0;38.458;1049.318;2.652;2.652
Q5_118_seed_959871627;7285;Sort;4;Outer;;0;2344;2344;0;1.0;56891.62;56897.48;116;0.0;0;1052.117;1052.152;39.936;1051.66;0.0;0.0;7286;Hash Join;5;Outer;;0;2344;58597;10000;4.000204788641057e-06;5216.52;56760.42;116;0.0;0;35.581;1040.874;2.729;2.729
Q5_119_seed_968075658;7305;Sort;4;Outer;;0;2382;2382;0;1.0;57040.51;57046.46;116;0.0;0;1059.778;1059.813;43.761;1059.29;0.0;0.0;7306;Hash Join;5;Outer;;0;2382;59546;10000;4.000268699828704e-06;5216.52;56906.9;116;0.0;0;38.073;1047.544;3.749;3.749
Q5_11_seed_82040310;7325;Sort;4;Outer;;0;2362;2362;0;1.0;56960.16;56966.07;116;0.0;0;1065.155;1065.191;45.374;1064.687;0.0;0.0;7326;Hash Join;5;Outer;;0;2362;59037;10000;4.0008808035638665e-06;5216.52;56827.82;116;0.0;0;39.581;1052.13;4.488;4.488
Q5_120_seed_976279689;7345;Sort;4;Outer;;0;2344;2344;0;1.0;56891.62;56897.48;116;0.0;0;1056.233;1056.268;42.567;1055.775;0.0;0.0;7346;Hash Join;5;Outer;;0;2344;58597;10000;4.000204788641057e-06;5216.52;56760.42;116;0.0;0;35.01;1041.813;5.846;5.846
Q5_121_seed_984483720;7365;Sort;4;Outer;;0;2382;2382;0;1.0;57040.51;57046.46;116;0.0;0;1069.292;1069.328;40.53;1068.832;0.0;0.0;7366;Hash Join;5;Outer;;0;2382;59546;10000;4.000268699828704e-06;5216.52;56906.9;116;0.0;0;35.927;1057.315;3.293;3.293
Q5_122_seed_992687751;7385;Sort;4;Outer;;0;2344;2344;0;1.0;56891.62;56897.48;116;0.0;0;1061.048;1061.084;39.74;1060.583;0.0;0.0;7386;Hash Join;5;Outer;;0;2344;58597;10000;4.000204788641057e-06;5216.52;56760.42;116;0.0;0;35.249;1049.638;2.915;2.915
Q5_123_seed_1000891782;7405;Sort;4;Outer;;0;2382;2382;0;1.0;57040.51;57046.46;116;0.0;0;1056.466;1056.499;38.573;1055.99;0.0;0.0;7406;Hash Join;5;Outer;;0;2382;59546;10000;4.000268699828704e-06;5216.52;56906.9;116;0.0;0;34.696;1044.48;3.484;3.484
Q5_124_seed_1009095813;7425;Sort;4;Outer;;0;2344;2344;0;1.0;56891.62;56897.48;116;0.0;0;1039.787;1039.823;36.07;1039.36;0.0;0.0;7426;Hash Join;5;Outer;;0;2344;58597;10000;4.000204788641057e-06;5216.52;56760.42;116;0.0;0;32.143;1028.028;3.353;3.353
Q5_125_seed_1017299844;7445;Sort;4;Outer;;0;2382;2382;0;1.0;57040.51;57046.46;116;0.0;0;1054.906;1054.938;36.691;1054.473;0.0;0.0;7446;Hash Join;5;Outer;;0;2382;59546;10000;4.000268699828704e-06;5216.52;56906.9;116;0.0;0;30.601;1040.823;5.539;5.54
Q5_126_seed_1025503875;7465;Sort;4;Outer;;0;2344;2344;0;1.0;56891.62;56897.48;116;0.0;0;1049.385;1049.419;40.855;1048.948;0.0;0.0;7466;Hash Join;5;Outer;;0;2344;58597;10000;4.000204788641057e-06;5216.52;56760.42;116;0.0;0;36.029;1036.724;4.198;4.198
Q5_127_seed_1033707906;7485;Sort;4;Outer;;0;2382;2382;0;1.0;57040.51;57046.46;116;0.0;0;1060.623;1060.659;41.03;1060.144;0.0;0.0;7486;Hash Join;5;Outer;;0;2382;59546;10000;4.000268699828704e-06;5216.52;56906.9;116;0.0;0;37.161;1048.043;3.588;3.589
Q5_128_seed_1041911937;7505;Sort;4;Outer;;0;2344;2344;0;1.0;56891.62;56897.48;116;0.0;0;1069.052;1069.087;43.205;1068.605;0.0;0.0;7506;Hash Join;5;Outer;;0;2344;58597;10000;4.000204788641057e-06;5216.52;56760.42;116;0.0;0;38.088;1057.175;3.559;3.559
Q5_129_seed_1050115968;7525;Sort;4;Outer;;0;2382;2382;0;1.0;57040.51;57046.46;116;0.0;0;1071.558;1071.593;38.822;1071.124;0.0;0.0;7526;Hash Join;5;Outer;;0;2382;59546;10000;4.000268699828704e-06;5216.52;56906.9;116;0.0;0;36.191;1060.757;2.241;2.241
Q5_12_seed_90244341;7545;Sort;4;Outer;;0;2344;2344;0;1.0;56891.62;56897.48;116;0.0;0;1083.354;1083.388;41.579;1082.901;0.0;0.0;7546;Hash Join;5;Outer;;0;2344;58597;10000;4.000204788641057e-06;5216.52;56760.42;116;0.0;0;37.076;1071.897;2.867;2.867
Q5_130_seed_1058319999;7565;Sort;4;Outer;;0;2350;2350;0;1.0;56916.25;56922.13;116;0.0;0;1050.763;1050.798;42.838;1050.317;0.0;0.0;7566;Hash Join;5;Outer;;0;2350;58750;10000;4e-06;5216.52;56784.67;116;0.0;0;37.315;1038.705;3.516;3.516
Q5_131_seed_1066524030;7585;Sort;4;Outer;;0;2382;2382;0;1.0;57040.51;57046.46;116;0.0;0;1073.546;1073.582;38.268;1073.058;0.0;0.0;7586;Hash Join;5;Outer;;0;2382;59546;10000;4.000268699828704e-06;5216.52;56906.9;116;0.0;0;35.694;1062.553;2.308;2.308
Q5_132_seed_1074728061;7605;Sort;4;Outer;;0;2350;2350;0;1.0;56916.25;56922.13;116;0.0;0;1075.227;1075.264;42.202;1074.731;0.0;0.0;7606;Hash Join;5;Outer;;0;2350;58750;10000;4e-06;5216.52;56784.67;116;0.0;0;38.771;1063.644;2.696;2.696
Q5_133_seed_1082932092;7625;Sort;4;Outer;;0;2382;2382;0;1.0;57040.51;57046.46;116;0.0;0;1072.834;1072.87;38.898;1072.374;0.0;0.0;7626;Hash Join;5;Outer;;0;2382;59546;10000;4.000268699828704e-06;5216.52;56906.9;116;0.0;0;33.205;1059.728;4.687;4.687
Q5_134_seed_1091136123;7645;Sort;4;Outer;;0;2350;2350;0;1.0;56916.25;56922.13;116;0.0;0;1076.793;1076.831;43.222;1076.333;0.0;0.0;7646;Hash Join;5;Outer;;0;2350;58750;10000;4e-06;5216.52;56784.67;116;0.0;0;37.45;1062.379;4.747;4.747
Q5_135_seed_1099340154;7665;Sort;4;Outer;;0;2382;2382;0;1.0;57040.51;57046.46;116;0.0;0;1055.973;1056.009;38.727;1055.514;0.0;0.0;7666;Hash Join;5;Outer;;0;2382;59546;10000;4.000268699828704e-06;5216.52;56906.9;116;0.0;0;33.35;1042.875;4.479;4.479
Q5_136_seed_1107544185;7685;Sort;4;Outer;;0;2350;2350;0;1.0;56916.25;56922.13;116;0.0;0;1060.404;1060.44;41.82;1059.932;0.0;0.0;7686;Hash Join;5;Outer;;0;2350;58750;10000;4e-06;5216.52;56784.67;116;0.0;0;36.046;1046.625;5.191;5.191
Q5_137_seed_1115748216;7705;Sort;4;Outer;;0;2382;2382;0;1.0;57040.51;57046.46;116;0.0;0;1057.91;1057.946;42.074;1057.47;0.0;0.0;7706;Hash Join;5;Outer;;0;2382;59546;10000;4.000268699828704e-06;5216.52;56906.9;116;0.0;0;36.323;1044.733;4.531;4.531
Q5_138_seed_1123952247;7725;Sort;4;Outer;;0;2350;2350;0;1.0;56916.25;56922.13;116;0.0;0;1036.932;1036.967;38.896;1036.478;0.0;0.0;7726;Hash Join;5;Outer;;0;2350;58750;10000;4e-06;5216.52;56784.67;116;0.0;0;33.82;1024.192;4.178;4.178
Q5_139_seed_1132156278;7745;Sort;4;Outer;;0;2338;2338;0;1.0;56870.62;56876.47;116;0.0;0;1064.34;1064.377;43.273;1063.854;0.0;0.0;7746;Hash Join;5;Outer;;0;2338;58459;10000;3.999384183786928e-06;5216.52;56739.8;116;0.0;0;39.103;1051.994;3.63;3.63
Q5_13_seed_98448372;7765;Sort;4;Outer;;0;2362;2362;0;1.0;56960.16;56966.07;116;0.0;0;1039.867;1039.903;36.949;1039.4;0.0;0.0;7766;Hash Join;5;Outer;;0;2362;59037;10000;4.0008808035638665e-06;5216.52;56827.82;116;0.0;0;30.266;1025.559;5.762;5.762
Q5_140_seed_1140360309;7785;Sort;4;Outer;;0;2350;2350;0;1.0;56916.25;56922.13;116;0.0;0;1068.4;1068.436;36.598;1067.934;0.0;0.0;7786;Hash Join;5;Outer;;0;2350;58750;10000;4e-06;5216.52;56784.67;116;0.0;0;33.279;1057.391;2.454;2.454
Q5_141_seed_1148564340;7805;Sort;4;Outer;;0;2338;2338;0;1.0;56870.62;56876.47;116;0.0;0;1088.738;1088.773;42.506;1088.296;0.0;0.0;7806;Hash Join;5;Outer;;0;2338;58459;10000;3.999384183786928e-06;5216.52;56739.8;116;0.0;0;36.063;1077.3;2.915;2.915
Q5_142_seed_1156768371;7825;Sort;4;Outer;;0;2350;2350;0;1.0;56916.25;56922.13;116;0.0;0;1070.33;1070.366;43.666;1069.869;0.0;0.0;7826;Hash Join;5;Outer;;0;2350;58750;10000;4e-06;5216.52;56784.67;116;0.0;0;39.581;1058.417;3.448;3.448
Q5_143_seed_1164972402;7845;Sort;4;Outer;;0;2338;2338;0;1.0;56870.62;56876.47;116;0.0;0;1039.12;1039.158;44.984;1038.666;0.0;0.0;7846;Hash Join;5;Outer;;0;2338;58459;10000;3.999384183786928e-06;5216.52;56739.8;116;0.0;0;38.089;1026.469;4.182;4.182
Q5_144_seed_1173176433;7865;Sort;4;Outer;;0;2350;2350;0;1.0;56916.25;56922.13;116;0.0;0;1077.2;1077.237;41.554;1076.766;0.0;0.0;7866;Hash Join;5;Outer;;0;2350;58750;10000;4e-06;5216.52;56784.67;116;0.0;0;36.806;1064.207;3.677;3.678
Q5_145_seed_1181380464;7885;Sort;4;Outer;;0;2338;2338;0;1.0;56870.62;56876.47;116;0.0;0;1074.814;1074.852;42.77;1074.316;0.0;0.0;7886;Hash Join;5;Outer;;0;2338;58459;10000;3.999384183786928e-06;5216.52;56739.8;116;0.0;0;37.76;1062.503;3.466;3.467
Q5_146_seed_1189584495;7905;Sort;4;Outer;;0;2350;2350;0;1.0;56916.25;56922.13;116;0.0;0;1057.429;1057.464;40.752;1056.96;0.0;0.0;7906;Hash Join;5;Outer;;0;2350;58750;10000;4e-06;5216.52;56784.67;116;0.0;0;35.424;1045.003;3.889;3.889
Q5_147_seed_1197788526;7925;Sort;4;Outer;;0;2338;2338;0;1.0;56870.62;56876.47;116;0.0;0;1075.344;1075.38;41.853;1074.873;0.0;0.0;7926;Hash Join;5;Outer;;0;2338;58459;10000;3.999384183786928e-06;5216.52;56739.8;116;0.0;0;35.019;1061.227;5.567;5.567
Q5_148_seed_1205992557;7945;Sort;4;Outer;;0;2350;2350;0;1.0;56916.25;56922.13;116;0.0;0;1030.13;1030.165;37.812;1029.653;0.0;0.0;7946;Hash Join;5;Outer;;0;2350;58750;10000;4e-06;5216.52;56784.67;116;0.0;0;32.134;1017.943;3.825;3.825
Q5_149_seed_1214196588;7965;Sort;4;Outer;;0;2338;2338;0;1.0;56870.62;56876.47;116;0.0;0;1074.186;1074.219;45.786;1073.718;0.0;0.0;7966;Hash Join;5;Outer;;0;2338;58459;10000;3.999384183786928e-06;5216.52;56739.8;116;0.0;0;40.873;1062.245;3.315;3.315
Q5_14_seed_106652403;7985;Sort;4;Outer;;0;2344;2344;0;1.0;56891.62;56897.48;116;0.0;0;1063.698;1063.736;41.987;1063.23;0.0;0.0;7986;Hash Join;5;Outer;;0;2344;58597;10000;4.000204788641057e-06;5216.52;56760.42;116;0.0;0;36.93;1052.032;3.183;3.183
Q5_150_seed_1231235959;8005;Sort;4;Outer;;0;2350;2350;0;1.0;56916.25;56922.13;116;0.0;0;1054.786;1054.82;34.672;1054.324;0.0;0.0;8006;Hash Join;5;Outer;;0;2350;58750;10000;4e-06;5216.52;56784.67;116;0.0;0;30.808;1043.319;2.955;2.955
Q5_15_seed_114856434;8025;Sort;4;Outer;;0;2362;2362;0;1.0;56960.16;56966.07;116;0.0;0;1082.902;1082.937;45.933;1082.449;0.0;0.0;8026;Hash Join;5;Outer;;0;2362;59037;10000;4.0008808035638665e-06;5216.52;56827.82;116;0.0;0;40.614;1070.593;3.495;3.495
Q5_16_seed_123060465;8045;Sort;4;Outer;;0;2344;2344;0;1.0;56891.62;56897.48;116;0.0;0;1092.316;1092.352;43.611;1091.844;0.0;0.0;8046;Hash Join;5;Outer;;0;2344;58597;10000;4.000204788641057e-06;5216.52;56760.42;116;0.0;0;37.229;1078.051;4.737;4.737
Q5_17_seed_131264496;8065;Sort;4;Outer;;0;2362;2362;0;1.0;56960.16;56966.07;116;0.0;0;1065.594;1065.632;44.222;1065.119;0.0;0.0;8066;Hash Join;5;Outer;;0;2362;59037;10000;4.0008808035638665e-06;5216.52;56827.82;116;0.0;0;39.197;1053.413;3.685;3.685
Q5_18_seed_139468527;8085;Sort;4;Outer;;0;2344;2344;0;1.0;56891.62;56897.48;116;0.0;0;1060.263;1060.299;38.607;1059.771;0.0;0.0;8086;Hash Join;5;Outer;;0;2344;58597;10000;4.000204788641057e-06;5216.52;56760.42;116;0.0;0;34.862;1048.516;3.133;3.133
Q5_19_seed_147672558;8105;Sort;4;Outer;;0;2362;2362;0;1.0;56960.16;56966.07;116;0.0;0;1046.742;1046.775;41.822;1046.247;0.0;0.0;8106;Hash Join;5;Outer;;0;2362;59037;10000;4.0008808035638665e-06;5216.52;56827.82;116;0.0;0;37.117;1034.283;3.055;3.055
Q5_1_seed_0101000000;8125;Sort;4;Outer;;0;2344;2344;0;1.0;56891.62;56897.48;116;0.0;0;1076.578;1076.615;44.621;1076.128;0.0;0.0;8126;Hash Join;5;Outer;;0;2344;58597;10000;4.000204788641057e-06;5216.52;56760.42;116;0.0;0;37.134;1062.21;5.896;5.896
Q5_20_seed_155876589;8145;Sort;4;Outer;;0;2344;2344;0;1.0;56891.62;56897.48;116;0.0;0;1063.412;1063.448;41.27;1062.966;0.0;0.0;8146;Hash Join;5;Outer;;0;2344;58597;10000;4.000204788641057e-06;5216.52;56760.42;116;0.0;0;36.494;1051.64;3.309;3.309
Q5_21_seed_164080620;8165;Sort;4;Outer;;0;2382;2382;0;1.0;57040.51;57046.46;116;0.0;0;1044.151;1044.184;42.334;1043.671;0.0;0.0;8166;Hash Join;5;Outer;;0;2382;59546;10000;4.000268699828704e-06;5216.52;56906.9;116;0.0;0;36.941;1030.011;4.923;4.923
Q5_22_seed_172284651;8185;Sort;4;Outer;;0;2344;2344;0;1.0;56891.62;56897.48;116;0.0;0;1046.065;1046.101;37.198;1045.62;0.0;0.0;8186;Hash Join;5;Outer;;0;2344;58597;10000;4.000204788641057e-06;5216.52;56760.42;116;0.0;0;30.728;1032.653;4.924;4.924
Q5_23_seed_180488682;8205;Sort;4;Outer;;0;2382;2382;0;1.0;57040.51;57046.46;116;0.0;0;1075.304;1075.349;36.46;1074.848;0.0;0.0;8206;Hash Join;5;Outer;;0;2382;59546;10000;4.000268699828704e-06;5216.52;56906.9;116;0.0;0;32.814;1063.413;3.384;3.384
Q5_24_seed_188692713;8225;Sort;4;Outer;;0;2344;2344;0;1.0;56891.62;56897.48;116;0.0;0;1073.727;1073.762;43.126;1073.233;0.0;0.0;8226;Hash Join;5;Outer;;0;2344;58597;10000;4.000204788641057e-06;5216.52;56760.42;116;0.0;0;38.505;1061.987;2.951;2.951
Q5_25_seed_196896744;8245;Sort;4;Outer;;0;2382;2382;0;1.0;57040.51;57046.46;116;0.0;0;1067.034;1067.073;40.26;1066.572;0.0;0.0;8246;Hash Join;5;Outer;;0;2382;59546;10000;4.000268699828704e-06;5216.52;56906.9;116;0.0;0;34.768;1053.377;5.176;5.176
Q5_26_seed_205100775;8265;Sort;4;Outer;;0;2344;2344;0;1.0;56891.62;56897.48;116;0.0;0;1053.908;1053.944;40.522;1053.454;0.0;0.0;8266;Hash Join;5;Outer;;0;2344;58597;10000;4.000204788641057e-06;5216.52;56760.42;116;0.0;0;32.635;1039.098;6.323;6.323
Q5_27_seed_213304806;8285;Sort;4;Outer;;0;2382;2382;0;1.0;57040.51;57046.46;116;0.0;0;1079.5;1079.537;39.355;1079.042;0.0;0.0;8286;Hash Join;5;Outer;;0;2382;59546;10000;4.000268699828704e-06;5216.52;56906.9;116;0.0;0;34.384;1067.244;3.648;3.648
Q5_28_seed_221508837;8305;Sort;4;Outer;;0;2344;2344;0;1.0;56891.62;56897.48;116;0.0;0;1119.418;1119.454;44.191;1118.946;0.0;0.0;8306;Hash Join;5;Outer;;0;2344;58597;10000;4.000204788641057e-06;5216.52;56760.42;116;0.0;0;40.317;1107.26;3.427;3.427
Q5_29_seed_229712868;8325;Sort;4;Outer;;0;2382;2382;0;1.0;57040.51;57046.46;116;0.0;0;1069.797;1069.833;45.55;1069.303;0.0;0.0;8326;Hash Join;5;Outer;;0;2382;59546;10000;4.000268699828704e-06;5216.52;56906.9;116;0.0;0;39.826;1056.85;3.98;3.98
Q5_2_seed_8204031;8345;Sort;4;Outer;;0;2338;2338;0;1.0;56870.62;56876.47;116;0.0;0;1074.932;1074.967;42.714;1074.491;0.0;0.0;8346;Hash Join;5;Outer;;0;2338;58459;10000;3.999384183786928e-06;5216.52;56739.8;116;0.0;0;38.708;1064.04;2.421;2.421
Q5_30_seed_237916899;8365;Sort;4;Outer;;0;2344;2344;0;1.0;56891.62;56897.48;116;0.0;0;1088.648;1088.682;40.24;1088.205;0.0;0.0;8366;Hash Join;5;Outer;;0;2344;58597;10000;4.000204788641057e-06;5216.52;56760.42;116;0.0;0;33.323;1074.565;5.437;5.437
Q5_31_seed_246120930;8385;Sort;4;Outer;;0;2382;2382;0;1.0;57040.51;57046.46;116;0.0;0;1067.357;1067.396;42.688;1066.897;0.0;0.0;8386;Hash Join;5;Outer;;0;2382;59546;10000;4.000268699828704e-06;5216.52;56906.9;116;0.0;0;36.004;1054.603;4.26;4.26
Q5_32_seed_254324961;8405;Sort;4;Outer;;0;2350;2350;0;1.0;56916.25;56922.13;116;0.0;0;1073.136;1073.172;45.911;1072.694;0.0;0.0;8406;Hash Join;5;Outer;;0;2350;58750;10000;4e-06;5216.52;56784.67;116;0.0;0;40.318;1060.209;4.447;4.447
Q5_33_seed_262528992;8425;Sort;4;Outer;;0;2382;2382;0;1.0;57040.51;57046.46;116;0.0;0;1074.543;1074.577;41.155;1074.069;0.0;0.0;8426;Hash Join;5;Outer;;0;2382;59546;10000;4.000268699828704e-06;5216.52;56906.9;116;0.0;0;35.857;1061.734;4.176;4.176
Q5_34_seed_270733023;8445;Sort;4;Outer;;0;2350;2350;0;1.0;56916.25;56922.13;116;0.0;0;1054.138;1054.172;40.243;1053.704;0.0;0.0;8446;Hash Join;5;Outer;;0;2350;58750;10000;4e-06;5216.52;56784.67;116;0.0;0;36.835;1042.574;3.03;3.03
Q5_35_seed_278937054;8465;Sort;4;Outer;;0;2382;2382;0;1.0;57040.51;57046.46;116;0.0;0;1071.02;1071.055;44.042;1070.574;0.0;0.0;8466;Hash Join;5;Outer;;0;2382;59546;10000;4.000268699828704e-06;5216.52;56906.9;116;0.0;0;39.144;1059.006;3.533;3.533
Q5_36_seed_287141085;8485;Sort;4;Outer;;0;2350;2350;0;1.0;56916.25;56922.13;116;0.0;0;1078.803;1078.839;44.334;1078.345;0.0;0.0;8486;Hash Join;5;Outer;;0;2350;58750;10000;4e-06;5216.52;56784.67;116;0.0;0;39.534;1065.906;4.25;4.251
Q5_37_seed_295345116;8505;Sort;4;Outer;;0;2382;2382;0;1.0;57040.51;57046.46;116;0.0;0;1068.08;1068.115;42.672;1067.612;0.0;0.0;8506;Hash Join;5;Outer;;0;2382;59546;10000;4.000268699828704e-06;5216.52;56906.9;116;0.0;0;37.722;1056.366;3.239;3.239
Q5_38_seed_303549147;8525;Sort;4;Outer;;0;2350;2350;0;1.0;56916.25;56922.13;116;0.0;0;1055.279;1055.314;41.707;1054.801;0.0;0.0;8526;Hash Join;5;Outer;;0;2350;58750;10000;4e-06;5216.52;56784.67;116;0.0;0;38.149;1043.511;2.88;2.88
Q5_39_seed_311753178;8545;Sort;4;Outer;;0;2382;2382;0;1.0;57040.51;57046.46;116;0.0;0;1057.789;1057.825;44.128;1057.33;0.0;0.0;8546;Hash Join;5;Outer;;0;2382;59546;10000;4.000268699828704e-06;5216.52;56906.9;116;0.0;0;39.865;1045.424;3.729;3.73
Q5_3_seed_16408062;8565;Sort;4;Outer;;0;2362;2362;0;1.0;56960.16;56966.07;116;0.0;0;1073.001;1073.036;43.087;1072.557;0.0;0.0;8566;Hash Join;5;Outer;;0;2362;59037;10000;4.0008808035638665e-06;5216.52;56827.82;116;0.0;0;34.38;1057.071;7.471;7.472
Q5_40_seed_319957209;8585;Sort;4;Outer;;0;2350;2350;0;1.0;56916.25;56922.13;116;0.0;0;1111.143;1111.183;44.035;1110.669;0.0;0.0;8586;Hash Join;5;Outer;;0;2350;58750;10000;4e-06;5216.52;56784.67;116;0.0;0;40.885;1099.681;1.959;1.959
Q5_41_seed_328161240;8605;Sort;4;Outer;;0;2338;2338;0;1.0;56870.62;56876.47;116;0.0;0;1057.878;1057.913;45.513;1057.423;0.0;0.0;8606;Hash Join;5;Outer;;0;2338;58459;10000;3.999384183786928e-06;5216.52;56739.8;116;0.0;0;39.535;1045.668;3.609;3.609
Q5_42_seed_336365271;8625;Sort;4;Outer;;0;2350;2350;0;1.0;56916.25;56922.13;116;0.0;0;1057.781;1057.817;42.275;1057.335;0.0;0.0;8626;Hash Join;5;Outer;;0;2350;58750;10000;4e-06;5216.52;56784.67;116;0.0;0;36.46;1044.828;4.395;4.395
Q5_43_seed_344569302;8645;Sort;4;Outer;;0;2338;2338;0;1.0;56870.62;56876.47;116;0.0;0;1083.399;1083.435;41.437;1082.965;0.0;0.0;8646;Hash Join;5;Outer;;0;2338;58459;10000;3.999384183786928e-06;5216.52;56739.8;116;0.0;0;36.986;1071.483;3.388;3.388
Q5_44_seed_352773333;8665;Sort;4;Outer;;0;2350;2350;0;1.0;56916.25;56922.13;116;0.0;0;1071.568;1071.606;49.753;1071.111;0.0;0.0;8666;Hash Join;5;Outer;;0;2350;58750;10000;4e-06;5216.52;56784.67;116;0.0;0;43.06;1059.85;3.127;3.127
Q5_45_seed_360977364;8685;Sort;4;Outer;;0;2338;2338;0;1.0;56870.62;56876.47;116;0.0;0;1072.47;1072.505;40.553;1072.005;0.0;0.0;8686;Hash Join;5;Outer;;0;2338;58459;10000;3.999384183786928e-06;5216.52;56739.8;116;0.0;0;36.561;1061.137;2.763;2.763
Q5_46_seed_369181395;8705;Sort;4;Outer;;0;2350;2350;0;1.0;56916.25;56922.13;116;0.0;0;1062.842;1062.879;43.543;1062.38;0.0;0.0;8706;Hash Join;5;Outer;;0;2350;58750;10000;4e-06;5216.52;56784.67;116;0.0;0;37.781;1050.268;3.959;3.959
Q5_47_seed_377385426;8725;Sort;4;Outer;;0;2338;2338;0;1.0;56870.62;56876.47;116;0.0;0;1053.712;1053.746;40.134;1053.262;0.0;0.0;8726;Hash Join;5;Outer;;0;2338;58459;10000;3.999384183786928e-06;5216.52;56739.8;116;0.0;0;34.927;1041.39;3.955;3.955
Q5_48_seed_385589457;8745;Sort;4;Outer;;0;2350;2350;0;1.0;56916.25;56922.13;116;0.0;0;1041.623;1041.659;37.92;1041.143;0.0;0.0;8746;Hash Join;5;Outer;;0;2350;58750;10000;4e-06;5216.52;56784.67;116;0.0;0;32.043;1028.02;4.961;4.961
Q5_49_seed_393793488;8765;Sort;4;Outer;;0;2338;2338;0;1.0;56870.62;56876.47;116;0.0;0;1053.771;1053.807;41.978;1053.295;0.0;0.0;8766;Hash Join;5;Outer;;0;2338;58459;10000;3.999384183786928e-06;5216.52;56739.8;116;0.0;0;36.612;1041.108;3.71;3.71
Q5_4_seed_24612093;8785;Sort;4;Outer;;0;2338;2338;0;1.0;56870.62;56876.47;116;0.0;0;1065.243;1065.279;41.622;1064.775;0.0;0.0;8786;Hash Join;5;Outer;;0;2338;58459;10000;3.999384183786928e-06;5216.52;56739.8;116;0.0;0;32.202;1048.815;7.893;7.893
Q5_50_seed_401997519;8805;Sort;4;Outer;;0;2350;2350;0;1.0;56916.25;56922.13;116;0.0;0;1065.519;1065.554;36.87;1065.063;0.0;0.0;8806;Hash Join;5;Outer;;0;2350;58750;10000;4e-06;5216.52;56784.67;116;0.0;0;33.228;1054.856;2.039;2.039
Q5_51_seed_410201550;8825;Sort;4;Outer;;0;2338;2338;0;1.0;56870.62;56876.47;116;0.0;0;1049.287;1049.323;38.959;1048.837;0.0;0.0;8826;Hash Join;5;Outer;;0;2338;58459;10000;3.999384183786928e-06;5216.52;56739.8;116;0.0;0;33.669;1036.948;3.818;3.818
Q5_52_seed_418405581;8845;Sort;4;Outer;;0;2362;2362;0;1.0;56960.16;56966.07;116;0.0;0;1081.63;1081.668;42.454;1081.182;0.0;0.0;8846;Hash Join;5;Outer;;0;2362;59037;10000;4.0008808035638665e-06;5216.52;56827.82;116;0.0;0;37.348;1068.465;4.562;4.562
Q5_53_seed_426609612;8865;Sort;4;Outer;;0;2338;2338;0;1.0;56870.62;56876.47;116;0.0;0;1068.34;1068.375;42.808;1067.873;0.0;0.0;8866;Hash Join;5;Outer;;0;2338;58459;10000;3.999384183786928e-06;5216.52;56739.8;116;0.0;0;37.574;1055.198;4.509;4.509
Q5_54_seed_434813643;8885;Sort;4;Outer;;0;2362;2362;0;1.0;56960.16;56966.07;116;0.0;0;1049.355;1049.394;39.939;1048.897;0.0;0.0;8886;Hash Join;5;Outer;;0;2362;59037;10000;4.0008808035638665e-06;5216.52;56827.82;116;0.0;0;35.397;1037.8;2.93;2.93
Q5_55_seed_443017674;8905;Sort;4;Outer;;0;2338;2338;0;1.0;56870.62;56876.47;116;0.0;0;1075.673;1075.708;41.242;1075.235;0.0;0.0;8906;Hash Join;5;Outer;;0;2338;58459;10000;3.999384183786928e-06;5216.52;56739.8;116;0.0;0;35.054;1061.602;5.483;5.483
Q5_56_seed_451221705;8925;Sort;4;Outer;;0;2362;2362;0;1.0;56960.16;56966.07;116;0.0;0;1072.136;1072.171;50.217;1071.628;0.0;0.0;8926;Hash Join;5;Outer;;0;2362;59037;10000;4.0008808035638665e-06;5216.52;56827.82;116;0.0;0;41.44;1057.74;5.559;5.559
Q5_57_seed_459425736;8945;Sort;4;Outer;;0;2338;2338;0;1.0;56870.62;56876.47;116;0.0;0;1083.38;1083.414;44.813;1082.933;0.0;0.0;8946;Hash Join;5;Outer;;0;2338;58459;10000;3.999384183786928e-06;5216.52;56739.8;116;0.0;0;38.389;1070.587;4.258;4.258
Q5_58_seed_467629767;8965;Sort;4;Outer;;0;2362;2362;0;1.0;56960.16;56966.07;116;0.0;0;1076.124;1076.161;43.028;1075.643;0.0;0.0;8966;Hash Join;5;Outer;;0;2362;59037;10000;4.0008808035638665e-06;5216.52;56827.82;116;0.0;0;38.628;1064.305;3.132;3.132
Q5_59_seed_475833798;8985;Sort;4;Outer;;0;2338;2338;0;1.0;56870.62;56876.47;116;0.0;0;1052.593;1052.627;44.296;1052.13;0.0;0.0;8986;Hash Join;5;Outer;;0;2338;58459;10000;3.999384183786928e-06;5216.52;56739.8;116;0.0;0;40.791;1041.569;2.352;2.352
Q5_5_seed_32816124;9005;Sort;4;Outer;;0;2362;2362;0;1.0;56960.16;56966.07;116;0.0;0;1092.326;1092.362;42.069;1091.868;0.0;0.0;9006;Hash Join;5;Outer;;0;2362;59037;10000;4.0008808035638665e-06;5216.52;56827.82;116;0.0;0;38.035;1080.864;2.974;2.974
Q5_60_seed_484037829;9025;Sort;4;Outer;;0;2362;2362;0;1.0;56960.16;56966.07;116;0.0;0;1057.898;1057.931;40.193;1057.475;0.0;0.0;9026;Hash Join;5;Outer;;0;2362;59037;10000;4.0008808035638665e-06;5216.52;56827.82;116;0.0;0;36.61;1046.743;2.69;2.69
Q5_61_seed_492241860;9045;Sort;4;Outer;;0;2344;2344;0;1.0;56891.62;56897.48;116;0.0;0;1043.613;1043.648;39.465;1043.139;0.0;0.0;9046;Hash Join;5;Outer;;0;2344;58597;10000;4.000204788641057e-06;5216.52;56760.42;116;0.0;0;34.31;1030.347;4.64;4.64
Q5_62_seed_500445891;9065;Sort;4;Outer;;0;2362;2362;0;1.0;56960.16;56966.07;116;0.0;0;1057.207;1057.24;48.024;1056.767;0.0;0.0;9066;Hash Join;5;Outer;;0;2362;59037;10000;4.0008808035638665e-06;5216.52;56827.82;116;0.0;0;43.296;1044.975;3.834;3.834
Q5_63_seed_508649922;9085;Sort;4;Outer;;0;2344;2344;0;1.0;56891.62;56897.48;116;0.0;0;1073.962;1073.997;42.289;1073.518;0.0;0.0;9086;Hash Join;5;Outer;;0;2344;58597;10000;4.000204788641057e-06;5216.52;56760.42;116;0.0;0;38.373;1061.495;3.763;3.763
Q5_64_seed_516853953;9105;Sort;4;Outer;;0;2362;2362;0;1.0;56960.16;56966.07;116;0.0;0;1046.859;1046.894;43.014;1046.232;0.0;0.0;9106;Hash Join;5;Outer;;0;2362;59037;10000;4.0008808035638665e-06;5216.52;56827.82;116;0.0;0;38.095;1034.621;3.601;3.601
Q5_65_seed_525057984;9125;Sort;4;Outer;;0;2344;2344;0;1.0;56891.62;56897.48;116;0.0;0;1078.15;1078.186;45.151;1077.702;0.0;0.0;9126;Hash Join;5;Outer;;0;2344;58597;10000;4.000204788641057e-06;5216.52;56760.42;116;0.0;0;40.221;1066.497;3.233;3.233
Q5_66_seed_533262015;9145;Sort;4;Outer;;0;2362;2362;0;1.0;56960.16;56966.07;116;0.0;0;1049.573;1049.608;35.766;1049.081;0.0;0.0;9146;Hash Join;5;Outer;;0;2362;59037;10000;4.0008808035638665e-06;5216.52;56827.82;116;0.0;0;31.637;1037.939;3.088;3.088
Q5_67_seed_541466046;9165;Sort;4;Outer;;0;2344;2344;0;1.0;56891.62;56897.48;116;0.0;0;1028.561;1028.596;38.01;1028.08;0.0;0.0;9166;Hash Join;5;Outer;;0;2344;58597;10000;4.000204788641057e-06;5216.52;56760.42;116;0.0;0;32.37;1016.321;3.895;3.895
Q5_68_seed_549670077;9185;Sort;4;Outer;;0;2362;2362;0;1.0;56960.16;56966.07;116;0.0;0;1132.254;1132.29;45.564;1131.785;0.0;0.0;9186;Hash Join;5;Outer;;0;2362;59037;10000;4.0008808035638665e-06;5216.52;56827.82;116;0.0;0;40.9;1120.016;3.65;3.65
Q5_69_seed_557874108;9205;Sort;4;Outer;;0;2344;2344;0;1.0;56891.62;56897.48;116;0.0;0;1045.187;1045.221;35.695;1044.729;0.0;0.0;9206;Hash Join;5;Outer;;0;2344;58597;10000;4.000204788641057e-06;5216.52;56760.42;116;0.0;0;32.425;1033.704;2.772;2.773
Q5_6_seed_41020155;9225;Sort;4;Outer;;0;2338;2338;0;1.0;56870.62;56876.47;116;0.0;0;1056.008;1056.042;41.864;1055.488;0.0;0.0;9226;Hash Join;5;Outer;;0;2338;58459;10000;3.999384183786928e-06;5216.52;56739.8;116;0.0;0;35.715;1042.561;4.544;4.544
Q5_70_seed_566078139;9245;Sort;4;Outer;;0;2382;2382;0;1.0;57040.51;57046.46;116;0.0;0;1074.901;1074.941;40.108;1074.428;0.0;0.0;9246;Hash Join;5;Outer;;0;2382;59546;10000;4.000268699828704e-06;5216.52;56906.9;116;0.0;0;34.908;1062.848;3.196;3.196
Q5_71_seed_574282170;9265;Sort;4;Outer;;0;2344;2344;0;1.0;56891.62;56897.48;116;0.0;0;1058.67;1058.704;40.324;1058.192;0.0;0.0;9266;Hash Join;5;Outer;;0;2344;58597;10000;4.000204788641057e-06;5216.52;56760.42;116;0.0;0;36.833;1047.159;2.99;2.99
Q5_72_seed_582486201;9285;Sort;4;Outer;;0;2382;2382;0;1.0;57040.51;57046.46;116;0.0;0;1087.58;1087.618;44.79;1087.108;0.0;0.0;9286;Hash Join;5;Outer;;0;2382;59546;10000;4.000268699828704e-06;5216.52;56906.9;116;0.0;0;39.126;1072.775;4.919;4.92
Q5_73_seed_590690232;9305;Sort;4;Outer;;0;2344;2344;0;1.0;56891.62;56897.48;116;0.0;0;1071.33;1071.366;40.033;1070.869;0.0;0.0;9306;Hash Join;5;Outer;;0;2344;58597;10000;4.000204788641057e-06;5216.52;56760.42;116;0.0;0;35.08;1059.087;3.649;3.649
Q5_74_seed_598894263;9325;Sort;4;Outer;;0;2382;2382;0;1.0;57040.51;57046.46;116;0.0;0;1062.868;1062.902;41.784;1062.406;0.0;0.0;9326;Hash Join;5;Outer;;0;2382;59546;10000;4.000268699828704e-06;5216.52;56906.9;116;0.0;0;37.481;1051.33;2.915;2.915
Q5_75_seed_607098294;9345;Sort;4;Outer;;0;2344;2344;0;1.0;56891.62;56897.48;116;0.0;0;1059.794;1059.829;40.646;1059.334;0.0;0.0;9346;Hash Join;5;Outer;;0;2344;58597;10000;4.000204788641057e-06;5216.52;56760.42;116;0.0;0;36.301;1047.473;3.686;3.686
Q5_76_seed_615302325;9365;Sort;4;Outer;;0;2382;2382;0;1.0;57040.51;57046.46;116;0.0;0;1053.202;1053.237;35.156;1052.433;0.0;0.0;9366;Hash Join;5;Outer;;0;2382;59546;10000;4.000268699828704e-06;5216.52;56906.9;116;0.0;0;31.619;1041.817;2.497;2.497
Q5_77_seed_623506356;9385;Sort;4;Outer;;0;2344;2344;0;1.0;56891.62;56897.48;116;0.0;0;1093.112;1093.149;48.224;1092.646;0.0;0.0;9386;Hash Join;5;Outer;;0;2344;58597;10000;4.000204788641057e-06;5216.52;56760.42;116;0.0;0;42.519;1080.661;3.943;3.943
Q5_78_seed_631710387;9405;Sort;4;Outer;;0;2382;2382;0;1.0;57040.51;57046.46;116;0.0;0;1047.065;1047.101;41.097;1046.621;0.0;0.0;9406;Hash Join;5;Outer;;0;2382;59546;10000;4.000268699828704e-06;5216.52;56906.9;116;0.0;0;36.081;1035.635;3.06;3.06
Q5_79_seed_639914418;9425;Sort;4;Outer;;0;2344;2344;0;1.0;56891.62;56897.48;116;0.0;0;1051.781;1051.817;44.017;1051.322;0.0;0.0;9426;Hash Join;5;Outer;;0;2344;58597;10000;4.000204788641057e-06;5216.52;56760.42;116;0.0;0;38.301;1039.145;4.01;4.01
Q5_7_seed_49224186;9445;Sort;4;Outer;;0;2362;2362;0;1.0;56960.16;56966.07;116;0.0;0;1074.107;1074.143;41.865;1073.666;0.0;0.0;9446;Hash Join;5;Outer;;0;2362;59037;10000;4.0008808035638665e-06;5216.52;56827.82;116;0.0;0;36.678;1059.024;3.897;3.897
Q5_80_seed_648118449;9465;Sort;4;Outer;;0;2382;2382;0;1.0;57040.51;57046.46;116;0.0;0;1076.486;1076.523;37.277;1076.012;0.0;0.0;9466;Hash Join;5;Outer;;0;2382;59546;10000;4.000268699828704e-06;5216.52;56906.9;116;0.0;0;33.435;1065.44;2.622;2.622
Q5_81_seed_656322480;9485;Sort;4;Outer;;0;2350;2350;0;1.0;56916.25;56922.13;116;0.0;0;1078.668;1078.703;43.916;1076.58;0.0;0.0;9486;Hash Join;5;Outer;;0;2350;58750;10000;4e-06;5216.52;56784.67;116;0.0;0;40.126;1065.525;2.979;2.979
Q5_82_seed_664526511;9505;Sort;4;Outer;;0;2382;2382;0;1.0;57040.51;57046.46;116;0.0;0;1075.82;1075.856;39.326;1075.361;0.0;0.0;9506;Hash Join;5;Outer;;0;2382;59546;10000;4.000268699828704e-06;5216.52;56906.9;116;0.0;0;35.247;1063.897;3.409;3.41
Q5_83_seed_672730542;9525;Sort;4;Outer;;0;2350;2350;0;1.0;56916.25;56922.13;116;0.0;0;1061.966;1062.001;44.033;1061.509;0.0;0.0;9526;Hash Join;5;Outer;;0;2350;58750;10000;4e-06;5216.52;56784.67;116;0.0;0;37.977;1050.172;3.515;3.515
Q5_84_seed_680934573;9545;Sort;4;Outer;;0;2382;2382;0;1.0;57040.51;57046.46;116;0.0;0;1058.899;1058.933;42.978;1058.464;0.0;0.0;9546;Hash Join;5;Outer;;0;2382;59546;10000;4.000268699828704e-06;5216.52;56906.9;116;0.0;0;38.51;1046.536;3.896;3.896
Q5_85_seed_689138604;9565;Sort;4;Outer;;0;2350;2350;0;1.0;56916.25;56922.13;116;0.0;0;1066.907;1066.945;39.94;1066.453;0.0;0.0;9566;Hash Join;5;Outer;;0;2350;58750;10000;4e-06;5216.52;56784.67;116;0.0;0;34.042;1055.284;3.138;3.138
Q5_86_seed_697342635;9585;Sort;4;Outer;;0;2382;2382;0;1.0;57040.51;57046.46;116;0.0;0;1049.654;1049.691;39.283;1049.198;0.0;0.0;9586;Hash Join;5;Outer;;0;2382;59546;10000;4.000268699828704e-06;5216.52;56906.9;116;0.0;0;34.789;1036.699;4.279;4.279
Q5_87_seed_705546666;9605;Sort;4;Outer;;0;2350;2350;0;1.0;56916.25;56922.13;116;0.0;0;1062.917;1062.953;44.552;1062.41;0.0;0.0;9606;Hash Join;5;Outer;;0;2350;58750;10000;4e-06;5216.52;56784.67;116;0.0;0;37.827;1049.966;4.393;4.394
Q5_88_seed_713750697;9625;Sort;4;Outer;;0;2382;2382;0;1.0;57040.51;57046.46;116;0.0;0;1049.399;1049.436;38.711;1048.921;0.0;0.0;9626;Hash Join;5;Outer;;0;2382;59546;10000;4.000268699828704e-06;5216.52;56906.9;116;0.0;0;35.353;1037.857;3.093;3.093
Q5_89_seed_721954728;9645;Sort;4;Outer;;0;2350;2350;0;1.0;56916.25;56922.13;116;0.0;0;1051.429;1051.464;36.689;1050.959;0.0;0.0;9646;Hash Join;5;Outer;;0;2350;58750;10000;4e-06;5216.52;56784.67;116;0.0;0;32.33;1039.357;2.642;2.642
Q5_8_seed_57428217;9665;Sort;4;Outer;;0;2338;2338;0;1.0;56870.62;56876.47;116;0.0;0;1050.186;1050.223;43.813;1049.736;0.0;0.0;9666;Hash Join;5;Outer;;0;2338;58459;10000;3.999384183786928e-06;5216.52;56739.8;116;0.0;0;38.014;1037.649;4.034;4.034
Q5_90_seed_730158759;9685;Sort;4;Outer;;0;2338;2338;0;1.0;56870.62;56876.47;116;0.0;0;1064.215;1064.254;41.624;1063.745;0.0;0.0;9686;Hash Join;5;Outer;;0;2338;58459;10000;3.999384183786928e-06;5216.52;56739.8;116;0.0;0;34.633;1050.072;5.455;5.455
Q5_91_seed_738362790;9705;Sort;4;Outer;;0;2350;2350;0;1.0;56916.25;56922.13;116;0.0;0;1077.686;1077.722;44.645;1077.227;0.0;0.0;9706;Hash Join;5;Outer;;0;2350;58750;10000;4e-06;5216.52;56784.67;116;0.0;0;40.054;1066.277;2.913;2.914
Q5_92_seed_746566821;9725;Sort;4;Outer;;0;2338;2338;0;1.0;56870.62;56876.47;116;0.0;0;1050.405;1050.446;41.793;1049.931;0.0;0.0;9726;Hash Join;5;Outer;;0;2338;58459;10000;3.999384183786928e-06;5216.52;56739.8;116;0.0;0;36.141;1038.233;2.742;2.742
Q5_93_seed_754770852;9745;Sort;4;Outer;;0;2350;2350;0;1.0;56916.25;56922.13;116;0.0;0;1093.598;1093.634;41.241;1093.156;0.0;0.0;9746;Hash Join;5;Outer;;0;2350;58750;10000;4e-06;5216.52;56784.67;116;0.0;0;35.679;1080.551;4.416;4.416
Q5_94_seed_762974883;9765;Sort;4;Outer;;0;2338;2338;0;1.0;56870.62;56876.47;116;0.0;0;1067.005;1067.041;38.416;1066.545;0.0;0.0;9766;Hash Join;5;Outer;;0;2338;58459;10000;3.999384183786928e-06;5216.52;56739.8;116;0.0;0;34.572;1056.499;1.851;1.851
Q5_95_seed_771178914;9785;Sort;4;Outer;;0;2350;2350;0;1.0;56916.25;56922.13;116;0.0;0;1081.947;1081.983;41.655;1081.509;0.0;0.0;9786;Hash Join;5;Outer;;0;2350;58750;10000;4e-06;5216.52;56784.67;116;0.0;0;37.756;1069.909;3.476;3.476
Q5_96_seed_779382945;9805;Sort;4;Outer;;0;2338;2338;0;1.0;56870.62;56876.47;116;0.0;0;1083.284;1083.318;45.45;1082.827;0.0;0.0;9806;Hash Join;5;Outer;;0;2338;58459;10000;3.999384183786928e-06;5216.52;56739.8;116;0.0;0;40.815;1071.243;3.317;3.317
Q5_97_seed_787586976;9825;Sort;4;Outer;;0;2350;2350;0;1.0;56916.25;56922.13;116;0.0;0;1075.507;1075.544;43.091;1074.992;0.0;0.0;9826;Hash Join;5;Outer;;0;2350;58750;10000;4e-06;5216.52;56784.67;116;0.0;0;39.366;1063.827;2.827;2.827
Q5_98_seed_795791007;9845;Sort;4;Outer;;0;2338;2338;0;1.0;56870.62;56876.47;116;0.0;0;1059.236;1059.277;41.158;1058.773;0.0;0.0;9846;Hash Join;5;Outer;;0;2338;58459;10000;3.999384183786928e-06;5216.52;56739.8;116;0.0;0;35.657;1047.16;3.467;3.467
Q5_99_seed_803995038;9865;Sort;4;Outer;;0;2350;2350;0;1.0;56916.25;56922.13;116;0.0;0;1066.808;1066.843;43.172;1066.339;0.0;0.0;9866;Hash Join;5;Outer;;0;2350;58750;10000;4e-06;5216.52;56784.67;116;0.0;0;35.63;1052.522;5.679;5.679
Q5_9_seed_65632248;9885;Sort;4;Outer;;0;2362;2362;0;1.0;56960.16;56966.07;116;0.0;0;1063.239;1063.275;41.077;1062.763;0.0;0.0;9886;Hash Join;5;Outer;;0;2362;59037;10000;4.0008808035638665e-06;5216.52;56827.82;116;0.0;0;36.101;1051.106;3.657;3.657
Q7_100_seed_812199069;10503;Sort;2;Outer;;0;1961;1961;0;1.0;63308.23;63313.13;252;0.0;0;1196.97;1197.003;47.025;1196.342;0.0;0.0;10504;Hash Join;3;Outer;;0;1961;47115;800;5.202695532208426e-05;4846.31;63200.99;252;0.0;0;39.178;1187.837;3.353;3.354
Q7_101_seed_820403100;10521;Sort;2;Outer;;0;1961;1961;0;1.0;63308.23;63313.13;252;0.0;0;1201.012;1201.044;42.96;1200.394;0.0;0.0;10522;Hash Join;3;Outer;;0;1961;47115;800;5.202695532208426e-05;4846.31;63200.99;252;0.0;0;35.509;1191.054;5.327;5.327
Q7_102_seed_828607131;10539;Sort;2;Outer;;0;1961;1961;0;1.0;63308.23;63313.13;252;0.0;0;1166.795;1166.824;41.672;1166.23;0.0;0.0;10540;Hash Join;3;Outer;;0;1961;47115;800;5.202695532208426e-05;4846.31;63200.99;252;0.0;0;35.37;1159.053;3.336;3.336
Q7_103_seed_836811162;10557;Sort;2;Outer;;0;1961;1961;0;1.0;63308.23;63313.13;252;0.0;0;1185.868;1185.895;43.027;1185.248;0.0;0.0;10558;Hash Join;3;Outer;;0;1961;47115;800;5.202695532208426e-05;4846.31;63200.99;252;0.0;0;36.711;1175.895;5.621;5.622
Q7_104_seed_845015193;10575;Sort;2;Outer;;0;1961;1961;0;1.0;63308.23;63313.13;252;0.0;0;1181.898;1181.927;41.352;1181.295;0.0;0.0;10576;Hash Join;3;Outer;;0;1961;47115;800;5.202695532208426e-05;4846.31;63200.99;252;0.0;0;34.728;1173.866;3.726;3.727
Q7_105_seed_853219224;10593;Sort;2;Outer;;0;1961;1961;0;1.0;63308.23;63313.13;252;0.0;0;1207.003;1207.033;43.003;1206.412;0.0;0.0;10594;Hash Join;3;Outer;;0;1961;47115;800;5.202695532208426e-05;4846.31;63200.99;252;0.0;0;38.32;1199.886;2.698;2.699
Q7_106_seed_861423255;10611;Sort;2;Outer;;0;1961;1961;0;1.0;63308.23;63313.13;252;0.0;0;1200.43;1200.459;42.983;1199.826;0.0;0.0;10612;Hash Join;3;Outer;;0;1961;47115;800;5.202695532208426e-05;4846.31;63200.99;252;0.0;0;36.086;1193.211;2.745;2.746
Q7_107_seed_869627286;10629;Sort;2;Outer;;0;1961;1961;0;1.0;63308.23;63313.13;252;0.0;0;1186.481;1186.51;44.324;1185.896;0.0;0.0;10630;Hash Join;3;Outer;;0;1961;47115;800;5.202695532208426e-05;4846.31;63200.99;252;0.0;0;38.629;1178.932;3.21;3.21
Q7_108_seed_877831317;10647;Sort;2;Outer;;0;1961;1961;0;1.0;63308.23;63313.13;252;0.0;0;1232.992;1233.033;41.623;1232.424;0.0;0.0;10648;Hash Join;3;Outer;;0;1961;47115;800;5.202695532208426e-05;4846.31;63200.99;252;0.0;0;37.486;1225.616;3.057;3.061
Q7_109_seed_886035348;10665;Sort;2;Outer;;0;1961;1961;0;1.0;63308.23;63313.13;252;0.0;0;1180.228;1180.257;38.862;1179.618;0.0;0.0;10666;Hash Join;3;Outer;;0;1961;47115;800;5.202695532208426e-05;4846.31;63200.99;252;0.0;0;32.962;1171.62;4.177;4.177
Q7_10_seed_73836279;10683;Sort;2;Outer;;0;1961;1961;0;1.0;63308.23;63313.13;252;0.0;0;1185.721;1185.749;43.244;1185.162;0.0;0.0;10684;Hash Join;3;Outer;;0;1961;47115;800;5.202695532208426e-05;4846.31;63200.99;252;0.0;0;38.255;1177.672;3.813;3.813
Q7_110_seed_894239379;10701;Sort;2;Outer;;0;1961;1961;0;1.0;63308.23;63313.13;252;0.0;0;1212.197;1212.227;44.331;1211.592;0.0;0.0;10702;Hash Join;3;Outer;;0;1961;47115;800;5.202695532208426e-05;4846.31;63200.99;252;0.0;0;38.087;1204.721;3.115;3.116
Q7_111_seed_902443410;10719;Sort;2;Outer;;0;1961;1961;0;1.0;63308.23;63313.13;252;0.0;0;1233.915;1233.944;43.412;1233.312;0.0;0.0;10720;Hash Join;3;Outer;;0;1961;47115;800;5.202695532208426e-05;4846.31;63200.99;252;0.0;0;38.685;1226.344;3.174;3.174
Q7_112_seed_910647441;10737;Sort;2;Outer;;0;1961;1961;0;1.0;63308.23;63313.13;252;0.0;0;1168.389;1168.419;41.749;1167.833;0.0;0.0;10738;Hash Join;3;Outer;;0;1961;47115;800;5.202695532208426e-05;4846.31;63200.99;252;0.0;0;38.614;1161.078;3.047;3.047
Q7_113_seed_918851472;10755;Sort;2;Outer;;0;1961;1961;0;1.0;63308.23;63313.13;252;0.0;0;1195.56;1195.589;43.33;1194.947;0.0;0.0;10756;Hash Join;3;Outer;;0;1961;47115;800;5.202695532208426e-05;4846.31;63200.99;252;0.0;0;36.703;1187.377;3.812;3.813
Q7_114_seed_927055503;10773;Sort;2;Outer;;0;1961;1961;0;1.0;63308.23;63313.13;252;0.0;0;1202.148;1202.177;43.425;1201.575;0.0;0.0;10774;Hash Join;3;Outer;;0;1961;47115;800;5.202695532208426e-05;4846.31;63200.99;252;0.0;0;37.233;1192.893;4.83;4.831
Q7_115_seed_935259534;10791;Sort;2;Outer;;0;1961;1961;0;1.0;63308.23;63313.13;252;0.0;0;1191.183;1191.213;43.243;1190.583;0.0;0.0;10792;Hash Join;3;Outer;;0;1961;47115;800;5.202695532208426e-05;4846.31;63200.99;252;0.0;0;36.392;1181.95;4.818;4.819
Q7_116_seed_943463565;10809;Sort;2;Outer;;0;1961;1961;0;1.0;63308.23;63313.13;252;0.0;0;1192.556;1192.585;45.757;1191.958;0.0;0.0;10810;Hash Join;3;Outer;;0;1961;47115;800;5.202695532208426e-05;4846.31;63200.99;252;0.0;0;38.794;1185.038;3.159;3.16
Q7_117_seed_951667596;10827;Sort;2;Outer;;0;1961;1961;0;1.0;63308.23;63313.13;252;0.0;0;1185.705;1185.733;40.127;1185.136;0.0;0.0;10828;Hash Join;3;Outer;;0;1961;47115;800;5.202695532208426e-05;4846.31;63200.99;252;0.0;0;33.592;1178.536;2.917;2.918
Q7_118_seed_959871627;10845;Sort;2;Outer;;0;1961;1961;0;1.0;63308.23;63313.13;252;0.0;0;1193.553;1193.581;47.909;1192.955;0.0;0.0;10846;Hash Join;3;Outer;;0;1961;47115;800;5.202695532208426e-05;4846.31;63200.99;252;0.0;0;37.659;1183.567;5.601;5.602
Q7_119_seed_968075658;10863;Sort;2;Outer;;0;1961;1961;0;1.0;63308.23;63313.13;252;0.0;0;1198.086;1198.116;41.307;1197.406;0.0;0.0;10864;Hash Join;3;Outer;;0;1961;47115;800;5.202695532208426e-05;4846.31;63200.99;252;0.0;0;32.885;1186.806;6.688;6.689
Q7_11_seed_82040310;10881;Sort;2;Outer;;0;1961;1961;0;1.0;63308.23;63313.13;252;0.0;0;1210.7;1210.73;41.334;1210.085;0.0;0.0;10882;Hash Join;3;Outer;;0;1961;47115;800;5.202695532208426e-05;4846.31;63200.99;252;0.0;0;35.577;1202.289;3.849;3.849
Q7_120_seed_976279689;10899;Sort;2;Outer;;0;1961;1961;0;1.0;63308.23;63313.13;252;0.0;0;1177.456;1177.487;43.494;1176.846;0.0;0.0;10900;Hash Join;3;Outer;;0;1961;47115;800;5.202695532208426e-05;4846.31;63200.99;252;0.0;0;39.281;1170.371;2.607;2.607
Q7_121_seed_984483720;10917;Sort;2;Outer;;0;1961;1961;0;1.0;63308.23;63313.13;252;0.0;0;1191.487;1191.515;41.873;1190.919;0.0;0.0;10918;Hash Join;3;Outer;;0;1961;47115;800;5.202695532208426e-05;4846.31;63200.99;252;0.0;0;37.349;1184.192;3.125;3.126
Q7_122_seed_992687751;10935;Sort;2;Outer;;0;1961;1961;0;1.0;63308.23;63313.13;252;0.0;0;1185.851;1185.881;45.429;1185.216;0.0;0.0;10936;Hash Join;3;Outer;;0;1961;47115;800;5.202695532208426e-05;4846.31;63200.99;252;0.0;0;37.538;1178.89;2.441;2.442
Q7_123_seed_1000891782;10953;Sort;2;Outer;;0;1961;1961;0;1.0;63308.23;63313.13;252;0.0;0;1238.131;1238.16;42.472;1236.99;0.0;0.0;10954;Hash Join;3;Outer;;0;1961;47115;800;5.202695532208426e-05;4846.31;63200.99;252;0.0;0;39.058;1231.009;2.154;2.154
Q7_124_seed_1009095813;10971;Sort;2;Outer;;0;1961;1961;0;1.0;63308.23;63313.13;252;0.0;0;1204.685;1204.712;41.519;1204.085;0.0;0.0;10972;Hash Join;3;Outer;;0;1961;47115;800;5.202695532208426e-05;4846.31;63200.99;252;0.0;0;38.187;1197.445;2.752;2.753
Q7_125_seed_1017299844;10989;Sort;2;Outer;;0;1961;1961;0;1.0;63308.23;63313.13;252;0.0;0;1163.74;1163.769;43.115;1163.166;0.0;0.0;10990;Hash Join;3;Outer;;0;1961;47115;800;5.202695532208426e-05;4846.31;63200.99;252;0.0;0;36.247;1154.447;4.995;4.995
Q7_126_seed_1025503875;11007;Sort;2;Outer;;0;1961;1961;0;1.0;63308.23;63313.13;252;0.0;0;1206.826;1206.86;45.115;1206.197;0.0;0.0;11008;Hash Join;3;Outer;;0;1961;47115;800;5.202695532208426e-05;4846.31;63200.99;252;0.0;0;39.768;1199.342;2.909;2.91
Q7_127_seed_1033707906;11025;Sort;2;Outer;;0;1961;1961;0;1.0;63308.23;63313.13;252;0.0;0;1205.733;1205.763;41.971;1205.126;0.0;0.0;11026;Hash Join;3;Outer;;0;1961;47115;800;5.202695532208426e-05;4846.31;63200.99;252;0.0;0;35.563;1197.823;3.659;3.659
Q7_128_seed_1041911937;11043;Sort;2;Outer;;0;1961;1961;0;1.0;63308.23;63313.13;252;0.0;0;1178.392;1178.422;44.674;1177.804;0.0;0.0;11044;Hash Join;3;Outer;;0;1961;47115;800;5.202695532208426e-05;4846.31;63200.99;252;0.0;0;34.363;1167.886;6.046;6.046
Q7_129_seed_1050115968;11061;Sort;2;Outer;;0;1961;1961;0;1.0;63308.23;63313.13;252;0.0;0;1175.132;1175.16;43.287;1174.588;0.0;0.0;11062;Hash Join;3;Outer;;0;1961;47115;800;5.202695532208426e-05;4846.31;63200.99;252;0.0;0;38.88;1168.596;2.241;2.242
Q7_12_seed_90244341;11079;Sort;2;Outer;;0;1961;1961;0;1.0;63308.23;63313.13;252;0.0;0;1181.792;1181.82;43.626;1181.205;0.0;0.0;11080;Hash Join;3;Outer;;0;1961;47115;800;5.202695532208426e-05;4846.31;63200.99;252;0.0;0;36.883;1173.387;4.126;4.127
Q7_130_seed_1058319999;11097;Sort;2;Outer;;0;1961;1961;0;1.0;63308.23;63313.13;252;0.0;0;1181.767;1181.796;46.598;1181.163;0.0;0.0;11098;Hash Join;3;Outer;;0;1961;47115;800;5.202695532208426e-05;4846.31;63200.99;252;0.0;0;39.24;1174.444;3.013;3.014
Q7_131_seed_1066524030;11115;Sort;2;Outer;;0;1961;1961;0;1.0;63308.23;63313.13;252;0.0;0;1171.092;1171.12;43.725;1170.5;0.0;0.0;11116;Hash Join;3;Outer;;0;1961;47115;800;5.202695532208426e-05;4846.31;63200.99;252;0.0;0;37.607;1163.803;2.87;2.87
Q7_132_seed_1074728061;11133;Sort;2;Outer;;0;1961;1961;0;1.0;63308.23;63313.13;252;0.0;0;1197.021;1197.05;42.018;1196.427;0.0;0.0;11134;Hash Join;3;Outer;;0;1961;47115;800;5.202695532208426e-05;4846.31;63200.99;252;0.0;0;36.313;1187.866;4.817;4.817
Q7_133_seed_1082932092;11151;Sort;2;Outer;;0;1961;1961;0;1.0;63308.23;63313.13;252;0.0;0;1227.228;1227.256;38.866;1226.627;0.0;0.0;11152;Hash Join;3;Outer;;0;1961;47115;800;5.202695532208426e-05;4846.31;63200.99;252;0.0;0;34.246;1219.838;2.944;2.944
Q7_134_seed_1091136123;11169;Sort;2;Outer;;0;1961;1961;0;1.0;63308.23;63313.13;252;0.0;0;1180.787;1180.813;42.445;1180.219;0.0;0.0;11170;Hash Join;3;Outer;;0;1961;47115;800;5.202695532208426e-05;4846.31;63200.99;252;0.0;0;36.73;1172.716;3.862;3.863
Q7_135_seed_1099340154;11187;Sort;2;Outer;;0;1961;1961;0;1.0;63308.23;63313.13;252;0.0;0;1170.861;1170.889;44.51;1170.299;0.0;0.0;11188;Hash Join;3;Outer;;0;1961;47115;800;5.202695532208426e-05;4846.31;63200.99;252;0.0;0;38.184;1162.75;3.661;3.662
Q7_136_seed_1107544185;11205;Sort;2;Outer;;0;1961;1961;0;1.0;63308.23;63313.13;252;0.0;0;1179.766;1179.793;41.63;1179.198;0.0;0.0;11206;Hash Join;3;Outer;;0;1961;47115;800;5.202695532208426e-05;4846.31;63200.99;252;0.0;0;37.491;1173.218;2.159;2.159
Q7_137_seed_1115748216;11223;Sort;2;Outer;;0;1961;1961;0;1.0;63308.23;63313.13;252;0.0;0;1163.099;1163.129;37.693;1162.523;0.0;0.0;11224;Hash Join;3;Outer;;0;1961;47115;800;5.202695532208426e-05;4846.31;63200.99;252;0.0;0;32.069;1156.096;2.798;2.798
Q7_138_seed_1123952247;11241;Sort;2;Outer;;0;1961;1961;0;1.0;63308.23;63313.13;252;0.0;0;1217.474;1217.507;44.029;1216.846;0.0;0.0;11242;Hash Join;3;Outer;;0;1961;47115;800;5.202695532208426e-05;4846.31;63200.99;252;0.0;0;36.554;1209.892;3.2;3.201
Q7_139_seed_1132156278;11259;Sort;2;Outer;;0;1961;1961;0;1.0;63308.23;63313.13;252;0.0;0;1207.996;1208.023;43.272;1207.416;0.0;0.0;11260;Hash Join;3;Outer;;0;1961;47115;800;5.202695532208426e-05;4846.31;63200.99;252;0.0;0;37.447;1200.153;3.534;3.534
Q7_13_seed_98448372;11277;Sort;2;Outer;;0;1961;1961;0;1.0;63308.23;63313.13;252;0.0;0;1188.047;1188.077;42.476;1187.457;0.0;0.0;11278;Hash Join;3;Outer;;0;1961;47115;800;5.202695532208426e-05;4846.31;63200.99;252;0.0;0;38.892;1181.509;2.191;2.192
Q7_140_seed_1140360309;11295;Sort;2;Outer;;0;1961;1961;0;1.0;63308.23;63313.13;252;0.0;0;1210.713;1210.742;45.857;1210.096;0.0;0.0;11296;Hash Join;3;Outer;;0;1961;47115;800;5.202695532208426e-05;4846.31;63200.99;252;0.0;0;39.726;1202.83;3.578;3.578
Q7_141_seed_1148564340;11313;Sort;2;Outer;;0;1961;1961;0;1.0;63308.23;63313.13;252;0.0;0;1202.467;1202.498;44.317;1201.81;0.0;0.0;11314;Hash Join;3;Outer;;0;1961;47115;800;5.202695532208426e-05;4846.31;63200.99;252;0.0;0;39.629;1194.404;3.433;3.434
Q7_142_seed_1156768371;11331;Sort;2;Outer;;0;1961;1961;0;1.0;63308.23;63313.13;252;0.0;0;1201.816;1201.846;41.812;1201.187;0.0;0.0;11332;Hash Join;3;Outer;;0;1961;47115;800;5.202695532208426e-05;4846.31;63200.99;252;0.0;0;36.101;1193.226;4.05;4.051
Q7_143_seed_1164972402;11349;Sort;2;Outer;;0;1961;1961;0;1.0;63308.23;63313.13;252;0.0;0;1197.453;1197.483;44.651;1196.872;0.0;0.0;11350;Hash Join;3;Outer;;0;1961;47115;800;5.202695532208426e-05;4846.31;63200.99;252;0.0;0;39.358;1189.458;3.732;3.733
Q7_144_seed_1173176433;11367;Sort;2;Outer;;0;1961;1961;0;1.0;63308.23;63313.13;252;0.0;0;1188.723;1188.753;40.077;1188.088;0.0;0.0;11368;Hash Join;3;Outer;;0;1961;47115;800;5.202695532208426e-05;4846.31;63200.99;252;0.0;0;35.52;1180.74;3.233;3.233
Q7_145_seed_1181380464;11385;Sort;2;Outer;;0;1961;1961;0;1.0;63308.23;63313.13;252;0.0;0;1182.825;1182.853;42.537;1182.236;0.0;0.0;11386;Hash Join;3;Outer;;0;1961;47115;800;5.202695532208426e-05;4846.31;63200.99;252;0.0;0;37.468;1175.327;3.145;3.146
Q7_146_seed_1189584495;11403;Sort;2;Outer;;0;1961;1961;0;1.0;63308.23;63313.13;252;0.0;0;1176.857;1176.888;41.299;1176.213;0.0;0.0;11404;Hash Join;3;Outer;;0;1961;47115;800;5.202695532208426e-05;4846.31;63200.99;252;0.0;0;37.053;1168.646;3.679;3.68
Q7_147_seed_1197788526;11421;Sort;2;Outer;;0;1961;1961;0;1.0;63308.23;63313.13;252;0.0;0;1179.608;1179.635;43.875;1178.998;0.0;0.0;11422;Hash Join;3;Outer;;0;1961;47115;800;5.202695532208426e-05;4846.31;63200.99;252;0.0;0;36.843;1170.746;4.605;4.605
Q7_148_seed_1205992557;11439;Sort;2;Outer;;0;1961;1961;0;1.0;63308.23;63313.13;252;0.0;0;1212.15;1212.185;41.5;1211.54;0.0;0.0;11440;Hash Join;3;Outer;;0;1961;47115;800;5.202695532208426e-05;4846.31;63200.99;252;0.0;0;36.876;1206.076;1.738;1.739
Q7_149_seed_1214196588;11457;Sort;2;Outer;;0;1961;1961;0;1.0;63308.23;63313.13;252;0.0;0;1205.727;1205.756;42.304;1205.144;0.0;0.0;11458;Hash Join;3;Outer;;0;1961;47115;800;5.202695532208426e-05;4846.31;63200.99;252;0.0;0;37.09;1197.589;3.858;3.858
Q7_14_seed_106652403;11475;Sort;2;Outer;;0;1961;1961;0;1.0;63308.23;63313.13;252;0.0;0;1185.873;1185.903;44.215;1185.248;0.0;0.0;11476;Hash Join;3;Outer;;0;1961;47115;800;5.202695532208426e-05;4846.31;63200.99;252;0.0;0;37.908;1178.173;2.388;2.389
Q7_150_seed_1231235959;11493;Sort;2;Outer;;0;1961;1961;0;1.0;63308.23;63313.13;252;0.0;0;1245.946;1245.975;46.594;1245.353;0.0;0.0;11494;Hash Join;3;Outer;;0;1961;47115;800;5.202695532208426e-05;4846.31;63200.99;252;0.0;0;38.988;1236.381;5.017;5.018
Q7_15_seed_114856434;11511;Sort;2;Outer;;0;1961;1961;0;1.0;63308.23;63313.13;252;0.0;0;1191.346;1191.375;42.443;1190.735;0.0;0.0;11512;Hash Join;3;Outer;;0;1961;47115;800;5.202695532208426e-05;4846.31;63200.99;252;0.0;0;37.282;1183.83;3.162;3.163
Q7_16_seed_123060465;11529;Sort;2;Outer;;0;1961;1961;0;1.0;63308.23;63313.13;252;0.0;0;1169.022;1169.049;40.67;1168.449;0.0;0.0;11530;Hash Join;3;Outer;;0;1961;47115;800;5.202695532208426e-05;4846.31;63200.99;252;0.0;0;36.141;1161.73;3.067;3.067
Q7_17_seed_131264496;11547;Sort;2;Outer;;0;1961;1961;0;1.0;63308.23;63313.13;252;0.0;0;1186.133;1186.163;43.541;1185.493;0.0;0.0;11548;Hash Join;3;Outer;;0;1961;47115;800;5.202695532208426e-05;4846.31;63200.99;252;0.0;0;39.131;1178.325;3.352;3.352
Q7_18_seed_139468527;11565;Sort;2;Outer;;0;1961;1961;0;1.0;63308.23;63313.13;252;0.0;0;1232.272;1232.302;49.828;1231.612;0.0;0.0;11566;Hash Join;3;Outer;;0;1961;47115;800;5.202695532208426e-05;4846.31;63200.99;252;0.0;0;43.121;1223.828;3.709;3.71
Q7_19_seed_147672558;11583;Sort;2;Outer;;0;1961;1961;0;1.0;63308.23;63313.13;252;0.0;0;1168.106;1168.136;45.538;1167.493;0.0;0.0;11584;Hash Join;3;Outer;;0;1961;47115;800;5.202695532208426e-05;4846.31;63200.99;252;0.0;0;37.892;1160.252;3.378;3.379
Q7_1_seed_0101000000;11601;Sort;2;Outer;;0;1961;1961;0;1.0;63308.23;63313.13;252;0.0;0;1160.329;1160.36;44.466;1159.767;0.0;0.0;11602;Hash Join;3;Outer;;0;1961;47115;800;5.202695532208426e-05;4846.31;63200.99;252;0.0;0;36.985;1152.995;3.126;3.127
Q7_20_seed_155876589;11619;Sort;2;Outer;;0;1961;1961;0;1.0;63308.23;63313.13;252;0.0;0;1208.583;1208.612;42.364;1207.955;0.0;0.0;11620;Hash Join;3;Outer;;0;1961;47115;800;5.202695532208426e-05;4846.31;63200.99;252;0.0;0;35.411;1200.81;3.292;3.293
Q7_21_seed_164080620;11637;Sort;2;Outer;;0;1961;1961;0;1.0;63308.23;63313.13;252;0.0;0;1203.637;1203.664;40.795;1203.085;0.0;0.0;11638;Hash Join;3;Outer;;0;1961;47115;800;5.202695532208426e-05;4846.31;63200.99;252;0.0;0;35.187;1196.278;2.825;2.825
Q7_22_seed_172284651;11655;Sort;2;Outer;;0;1961;1961;0;1.0;63308.23;63313.13;252;0.0;0;1181.154;1181.183;38.569;1180.565;0.0;0.0;11656;Hash Join;3;Outer;;0;1961;47115;800;5.202695532208426e-05;4846.31;63200.99;252;0.0;0;33.113;1173.755;3.136;3.137
Q7_23_seed_180488682;11673;Sort;2;Outer;;0;1961;1961;0;1.0;63308.23;63313.13;252;0.0;0;1165.29;1165.32;43.639;1164.69;0.0;0.0;11674;Hash Join;3;Outer;;0;1961;47115;800;5.202695532208426e-05;4846.31;63200.99;252;0.0;0;36.633;1156.69;4.006;4.007
Q7_24_seed_188692713;11691;Sort;2;Outer;;0;1961;1961;0;1.0;63308.23;63313.13;252;0.0;0;1186.454;1186.484;41.384;1185.814;0.0;0.0;11692;Hash Join;3;Outer;;0;1961;47115;800;5.202695532208426e-05;4846.31;63200.99;252;0.0;0;36.784;1177.927;3.631;3.632
Q7_25_seed_196896744;11709;Sort;2;Outer;;0;1961;1961;0;1.0;63308.23;63313.13;252;0.0;0;1204.448;1204.477;41.039;1203.816;0.0;0.0;11710;Hash Join;3;Outer;;0;1961;47115;800;5.202695532208426e-05;4846.31;63200.99;252;0.0;0;33.213;1196.531;3.582;3.582
Q7_26_seed_205100775;11727;Sort;2;Outer;;0;1961;1961;0;1.0;63308.23;63313.13;252;0.0;0;1187.562;1187.59;42.552;1186.991;0.0;0.0;11728;Hash Join;3;Outer;;0;1961;47115;800;5.202695532208426e-05;4846.31;63200.99;252;0.0;0;35.025;1179.629;3.678;3.679
Q7_27_seed_213304806;11745;Sort;2;Outer;;0;1961;1961;0;1.0;63308.23;63313.13;252;0.0;0;1167.994;1168.026;39.99;1167.381;0.0;0.0;11746;Hash Join;3;Outer;;0;1961;47115;800;5.202695532208426e-05;4846.31;63200.99;252;0.0;0;36.459;1161.003;2.532;2.533
Q7_28_seed_221508837;11763;Sort;2;Outer;;0;1961;1961;0;1.0;63308.23;63313.13;252;0.0;0;1199.377;1199.407;43.288;1198.715;0.0;0.0;11764;Hash Join;3;Outer;;0;1961;47115;800;5.202695532208426e-05;4846.31;63200.99;252;0.0;0;38.868;1191.502;3.461;3.461
Q7_29_seed_229712868;11781;Sort;2;Outer;;0;1961;1961;0;1.0;63308.23;63313.13;252;0.0;0;1176.991;1177.02;40.786;1176.419;0.0;0.0;11782;Hash Join;3;Outer;;0;1961;47115;800;5.202695532208426e-05;4846.31;63200.99;252;0.0;0;37.028;1169.542;3.194;3.195
Q7_2_seed_8204031;11799;Sort;2;Outer;;0;1961;1961;0;1.0;63308.23;63313.13;252;0.0;0;1191.019;1191.048;45.218;1190.412;0.0;0.0;11800;Hash Join;3;Outer;;0;1961;47115;800;5.202695532208426e-05;4846.31;63200.99;252;0.0;0;37.908;1181.244;5.36;5.36
Q7_30_seed_237916899;11817;Sort;2;Outer;;0;1961;1961;0;1.0;63308.23;63313.13;252;0.0;0;1206.293;1206.324;42.08;1205.661;0.0;0.0;11818;Hash Join;3;Outer;;0;1961;47115;800;5.202695532208426e-05;4846.31;63200.99;252;0.0;0;38.132;1199.023;2.803;2.804
Q7_31_seed_246120930;11835;Sort;2;Outer;;0;1961;1961;0;1.0;63308.23;63313.13;252;0.0;0;1215.349;1215.379;45.157;1214.75;0.0;0.0;11836;Hash Join;3;Outer;;0;1961;47115;800;5.202695532208426e-05;4846.31;63200.99;252;0.0;0;40.685;1207.235;3.482;3.482
Q7_32_seed_254324961;11853;Sort;2;Outer;;0;1961;1961;0;1.0;63308.23;63313.13;252;0.0;0;1169.655;1169.683;40.952;1169.064;0.0;0.0;11854;Hash Join;3;Outer;;0;1961;47115;800;5.202695532208426e-05;4846.31;63200.99;252;0.0;0;34.866;1162.633;2.716;2.716
Q7_33_seed_262528992;11871;Sort;2;Outer;;0;1961;1961;0;1.0;63308.23;63313.13;252;0.0;0;1187.084;1187.114;41.227;1186.499;0.0;0.0;11872;Hash Join;3;Outer;;0;1961;47115;800;5.202695532208426e-05;4846.31;63200.99;252;0.0;0;36.581;1180.133;2.505;2.505
Q7_34_seed_270733023;11889;Sort;2;Outer;;0;1961;1961;0;1.0;63308.23;63313.13;252;0.0;0;1168.474;1168.506;43.811;1167.868;0.0;0.0;11890;Hash Join;3;Outer;;0;1961;47115;800;5.202695532208426e-05;4846.31;63200.99;252;0.0;0;39.536;1161.111;2.846;2.847
Q7_35_seed_278937054;11907;Sort;2;Outer;;0;1961;1961;0;1.0;63308.23;63313.13;252;0.0;0;1198.546;1198.577;42.795;1197.963;0.0;0.0;11908;Hash Join;3;Outer;;0;1961;47115;800;5.202695532208426e-05;4846.31;63200.99;252;0.0;0;34.356;1187.206;6.921;6.922
Q7_36_seed_287141085;11925;Sort;2;Outer;;0;1961;1961;0;1.0;63308.23;63313.13;252;0.0;0;1200.38;1200.41;41.978;1199.76;0.0;0.0;11926;Hash Join;3;Outer;;0;1961;47115;800;5.202695532208426e-05;4846.31;63200.99;252;0.0;0;35.144;1192.348;3.333;3.334
Q7_37_seed_295345116;11943;Sort;2;Outer;;0;1961;1961;0;1.0;63308.23;63313.13;252;0.0;0;1189.054;1189.082;45.824;1188.498;0.0;0.0;11944;Hash Join;3;Outer;;0;1961;47115;800;5.202695532208426e-05;4846.31;63200.99;252;0.0;0;39.29;1180.92;3.906;3.907
Q7_38_seed_303549147;11961;Sort;2;Outer;;0;1961;1961;0;1.0;63308.23;63313.13;252;0.0;0;1205.965;1205.993;39.082;1205.378;0.0;0.0;11962;Hash Join;3;Outer;;0;1961;47115;800;5.202695532208426e-05;4846.31;63200.99;252;0.0;0;35.304;1199.534;1.907;1.907
Q7_39_seed_311753178;11979;Sort;2;Outer;;0;1961;1961;0;1.0;63308.23;63313.13;252;0.0;0;1195.109;1195.139;40.606;1194.522;0.0;0.0;11980;Hash Join;3;Outer;;0;1961;47115;800;5.202695532208426e-05;4846.31;63200.99;252;0.0;0;36.768;1188.309;2.41;2.411
Q7_3_seed_16408062;11997;Sort;2;Outer;;0;1961;1961;0;1.0;63308.23;63313.13;252;0.0;0;1190.473;1190.502;42.921;1189.869;0.0;0.0;11998;Hash Join;3;Outer;;0;1961;47115;800;5.202695532208426e-05;4846.31;63200.99;252;0.0;0;36.833;1183.919;2.229;2.229
Q7_40_seed_319957209;12015;Sort;2;Outer;;0;1961;1961;0;1.0;63308.23;63313.13;252;0.0;0;1214.897;1214.926;42.044;1214.304;0.0;0.0;12016;Hash Join;3;Outer;;0;1961;47115;800;5.202695532208426e-05;4846.31;63200.99;252;0.0;0;36.385;1206.809;3.664;3.664
Q7_41_seed_328161240;12033;Sort;2;Outer;;0;1961;1961;0;1.0;63308.23;63313.13;252;0.0;0;1195.347;1195.379;43.284;1194.215;0.0;0.0;12034;Hash Join;3;Outer;;0;1961;47115;800;5.202695532208426e-05;4846.31;63200.99;252;0.0;0;39.018;1187.918;2.497;2.497
Q7_42_seed_336365271;12051;Sort;2;Outer;;0;1961;1961;0;1.0;63308.23;63313.13;252;0.0;0;1184.364;1184.394;43.966;1183.799;0.0;0.0;12052;Hash Join;3;Outer;;0;1961;47115;800;5.202695532208426e-05;4846.31;63200.99;252;0.0;0;39.053;1176.317;3.694;3.695
Q7_43_seed_344569302;12069;Sort;2;Outer;;0;1961;1961;0;1.0;63308.23;63313.13;252;0.0;0;1175.608;1175.637;42.194;1175.015;0.0;0.0;12070;Hash Join;3;Outer;;0;1961;47115;800;5.202695532208426e-05;4846.31;63200.99;252;0.0;0;33.979;1163.941;7.29;7.29
Q7_44_seed_352773333;12087;Sort;2;Outer;;0;1961;1961;0;1.0;63308.23;63313.13;252;0.0;0;1235.725;1235.755;40.186;1235.078;0.0;0.0;12088;Hash Join;3;Outer;;0;1961;47115;800;5.202695532208426e-05;4846.31;63200.99;252;0.0;0;35.551;1227.846;3.319;3.32
Q7_45_seed_360977364;12105;Sort;2;Outer;;0;1961;1961;0;1.0;63308.23;63313.13;252;0.0;0;1216.368;1216.397;45.812;1215.762;0.0;0.0;12106;Hash Join;3;Outer;;0;1961;47115;800;5.202695532208426e-05;4846.31;63200.99;252;0.0;0;39.888;1206.937;5.024;5.025
Q7_46_seed_369181395;12123;Sort;2;Outer;;0;1961;1961;0;1.0;63308.23;63313.13;252;0.0;0;1181.685;1181.719;42.819;1181.014;0.0;0.0;12124;Hash Join;3;Outer;;0;1961;47115;800;5.202695532208426e-05;4846.31;63200.99;252;0.0;0;37.996;1174.422;2.712;2.713
Q7_47_seed_377385426;12141;Sort;2;Outer;;0;1961;1961;0;1.0;63308.23;63313.13;252;0.0;0;1196.117;1196.146;40.597;1195.52;0.0;0.0;12142;Hash Join;3;Outer;;0;1961;47115;800;5.202695532208426e-05;4846.31;63200.99;252;0.0;0;36.644;1187.246;3.451;3.451
Q7_48_seed_385589457;12159;Sort;2;Outer;;0;1961;1961;0;1.0;63308.23;63313.13;252;0.0;0;1210.081;1210.108;44.478;1209.44;0.0;0.0;12160;Hash Join;3;Outer;;0;1961;47115;800;5.202695532208426e-05;4846.31;63200.99;252;0.0;0;37.571;1201.857;3.802;3.803
Q7_49_seed_393793488;12177;Sort;2;Outer;;0;1961;1961;0;1.0;63308.23;63313.13;252;0.0;0;1183.274;1183.304;43.991;1182.631;0.0;0.0;12178;Hash Join;3;Outer;;0;1961;47115;800;5.202695532208426e-05;4846.31;63200.99;252;0.0;0;37.079;1172.337;6.429;6.43
Q7_4_seed_24612093;12195;Sort;2;Outer;;0;1961;1961;0;1.0;63308.23;63313.13;252;0.0;0;1203.61;1203.638;43.662;1203.001;0.0;0.0;12196;Hash Join;3;Outer;;0;1961;47115;800;5.202695532208426e-05;4846.31;63200.99;252;0.0;0;37.623;1195.371;3.357;3.358
Q7_50_seed_401997519;12213;Sort;2;Outer;;0;1961;1961;0;1.0;63308.23;63313.13;252;0.0;0;1216.02;1216.05;36.42;1215.403;0.0;0.0;12214;Hash Join;3;Outer;;0;1961;47115;800;5.202695532208426e-05;4846.31;63200.99;252;0.0;0;32.622;1208.681;2.932;2.933
Q7_51_seed_410201550;12231;Sort;2;Outer;;0;1961;1961;0;1.0;63308.23;63313.13;252;0.0;0;1194.75;1194.778;43.56;1194.11;0.0;0.0;12232;Hash Join;3;Outer;;0;1961;47115;800;5.202695532208426e-05;4846.31;63200.99;252;0.0;0;36.806;1185.803;4.629;4.629
Q7_52_seed_418405581;12249;Sort;2;Outer;;0;1961;1961;0;1.0;63308.23;63313.13;252;0.0;0;1200.757;1200.787;42.053;1200.163;0.0;0.0;12250;Hash Join;3;Outer;;0;1961;47115;800;5.202695532208426e-05;4846.31;63200.99;252;0.0;0;39.313;1193.983;2.386;2.387
Q7_53_seed_426609612;12267;Sort;2;Outer;;0;1961;1961;0;1.0;63308.23;63313.13;252;0.0;0;1191.745;1191.776;43.451;1191.153;0.0;0.0;12268;Hash Join;3;Outer;;0;1961;47115;800;5.202695532208426e-05;4846.31;63200.99;252;0.0;0;38.953;1183.817;3.435;3.436
Q7_54_seed_434813643;12285;Sort;2;Outer;;0;1961;1961;0;1.0;63308.23;63313.13;252;0.0;0;1211.494;1211.524;41.602;1210.855;0.0;0.0;12286;Hash Join;3;Outer;;0;1961;47115;800;5.202695532208426e-05;4846.31;63200.99;252;0.0;0;37.373;1204.324;2.752;2.752
Q7_55_seed_443017674;12303;Sort;2;Outer;;0;1961;1961;0;1.0;63308.23;63313.13;252;0.0;0;1232.074;1232.105;44.306;1231.464;0.0;0.0;12304;Hash Join;3;Outer;;0;1961;47115;800;5.202695532208426e-05;4846.31;63200.99;252;0.0;0;38.249;1224.387;3.142;3.142
Q7_56_seed_451221705;12321;Sort;2;Outer;;0;1961;1961;0;1.0;63308.23;63313.13;252;0.0;0;1195.388;1195.419;41.173;1194.794;0.0;0.0;12322;Hash Join;3;Outer;;0;1961;47115;800;5.202695532208426e-05;4846.31;63200.99;252;0.0;0;37.058;1188.409;2.487;2.487
Q7_57_seed_459425736;12339;Sort;2;Outer;;0;1961;1961;0;1.0;63308.23;63313.13;252;0.0;0;1209.226;1209.254;42.707;1208.636;0.0;0.0;12340;Hash Join;3;Outer;;0;1961;47115;800;5.202695532208426e-05;4846.31;63200.99;252;0.0;0;37.983;1201.349;3.62;3.62
Q7_58_seed_467629767;12357;Sort;2;Outer;;0;1961;1961;0;1.0;63308.23;63313.13;252;0.0;0;1191.277;1191.307;43.6;1190.601;0.0;0.0;12358;Hash Join;3;Outer;;0;1961;47115;800;5.202695532208426e-05;4846.31;63200.99;252;0.0;0;35.586;1183.051;3.733;3.733
Q7_59_seed_475833798;12375;Sort;2;Outer;;0;1961;1961;0;1.0;63308.23;63313.13;252;0.0;0;1178.174;1178.204;41.394;1177.572;0.0;0.0;12376;Hash Join;3;Outer;;0;1961;47115;800;5.202695532208426e-05;4846.31;63200.99;252;0.0;0;37.292;1171.331;2.446;2.446
Q7_5_seed_32816124;12393;Sort;2;Outer;;0;1961;1961;0;1.0;63308.23;63313.13;252;0.0;0;1214.527;1214.555;41.698;1213.89;0.0;0.0;12394;Hash Join;3;Outer;;0;1961;47115;800;5.202695532208426e-05;4846.31;63200.99;252;0.0;0;37.27;1207.288;2.774;2.775
Q7_60_seed_484037829;12411;Sort;2;Outer;;0;1961;1961;0;1.0;63308.23;63313.13;252;0.0;0;1172.692;1172.72;44.903;1172.104;0.0;0.0;12412;Hash Join;3;Outer;;0;1961;47115;800;5.202695532208426e-05;4846.31;63200.99;252;0.0;0;39.182;1165.068;3.338;3.338
Q7_61_seed_492241860;12429;Sort;2;Outer;;0;1961;1961;0;1.0;63308.23;63313.13;252;0.0;0;1189.174;1189.204;42.698;1188.581;0.0;0.0;12430;Hash Join;3;Outer;;0;1961;47115;800;5.202695532208426e-05;4846.31;63200.99;252;0.0;0;36.753;1181.99;2.862;2.863
Q7_62_seed_500445891;12447;Sort;2;Outer;;0;1961;1961;0;1.0;63308.23;63313.13;252;0.0;0;1190.356;1190.385;47.38;1189.761;0.0;0.0;12448;Hash Join;3;Outer;;0;1961;47115;800;5.202695532208426e-05;4846.31;63200.99;252;0.0;0;38.462;1180.195;5.825;5.826
Q7_63_seed_508649922;12465;Sort;2;Outer;;0;1961;1961;0;1.0;63308.23;63313.13;252;0.0;0;1193.578;1193.607;43.122;1193.006;0.0;0.0;12466;Hash Join;3;Outer;;0;1961;47115;800;5.202695532208426e-05;4846.31;63200.99;252;0.0;0;37.745;1185.04;3.972;3.973
Q7_64_seed_516853953;12483;Sort;2;Outer;;0;1961;1961;0;1.0;63308.23;63313.13;252;0.0;0;1186.075;1186.103;40.202;1185.462;0.0;0.0;12484;Hash Join;3;Outer;;0;1961;47115;800;5.202695532208426e-05;4846.31;63200.99;252;0.0;0;35.987;1178.569;2.947;2.947
Q7_65_seed_525057984;12501;Sort;2;Outer;;0;1961;1961;0;1.0;63308.23;63313.13;252;0.0;0;1197.983;1198.013;43.764;1197.392;0.0;0.0;12502;Hash Join;3;Outer;;0;1961;47115;800;5.202695532208426e-05;4846.31;63200.99;252;0.0;0;37.991;1189.809;3.649;3.65
Q7_66_seed_533262015;12519;Sort;2;Outer;;0;1961;1961;0;1.0;63308.23;63313.13;252;0.0;0;1203.749;1203.777;41.078;1203.106;0.0;0.0;12520;Hash Join;3;Outer;;0;1961;47115;800;5.202695532208426e-05;4846.31;63200.99;252;0.0;0;37.817;1196.602;2.611;2.611
Q7_67_seed_541466046;12537;Sort;2;Outer;;0;1961;1961;0;1.0;63308.23;63313.13;252;0.0;0;1184.997;1185.028;38.707;1184.376;0.0;0.0;12538;Hash Join;3;Outer;;0;1961;47115;800;5.202695532208426e-05;4846.31;63200.99;252;0.0;0;35.231;1177.634;2.942;2.942
Q7_68_seed_549670077;12555;Sort;2;Outer;;0;1961;1961;0;1.0;63308.23;63313.13;252;0.0;0;1184.608;1184.638;43.697;1184.013;0.0;0.0;12556;Hash Join;3;Outer;;0;1961;47115;800;5.202695532208426e-05;4846.31;63200.99;252;0.0;0;38.14;1176.951;3.089;3.09
Q7_69_seed_557874108;12573;Sort;2;Outer;;0;1961;1961;0;1.0;63308.23;63313.13;252;0.0;0;1179.226;1179.259;38.413;1178.581;0.0;0.0;12574;Hash Join;3;Outer;;0;1961;47115;800;5.202695532208426e-05;4846.31;63200.99;252;0.0;0;33.524;1170.716;3.949;3.95
Q7_6_seed_41020155;12591;Sort;2;Outer;;0;1961;1961;0;1.0;63308.23;63313.13;252;0.0;0;1188.36;1188.39;42.166;1187.765;0.0;0.0;12592;Hash Join;3;Outer;;0;1961;47115;800;5.202695532208426e-05;4846.31;63200.99;252;0.0;0;37.562;1180.726;3.225;3.225
Q7_70_seed_566078139;12609;Sort;2;Outer;;0;1961;1961;0;1.0;63308.23;63313.13;252;0.0;0;1201.286;1201.314;45.216;1200.713;0.0;0.0;12610;Hash Join;3;Outer;;0;1961;47115;800;5.202695532208426e-05;4846.31;63200.99;252;0.0;0;38.419;1193.328;3.686;3.687
Q7_71_seed_574282170;12627;Sort;2;Outer;;0;1961;1961;0;1.0;63308.23;63313.13;252;0.0;0;1194.659;1194.691;42.705;1194.054;0.0;0.0;12628;Hash Join;3;Outer;;0;1961;47115;800;5.202695532208426e-05;4846.31;63200.99;252;0.0;0;38.884;1187.401;2.884;2.884
Q7_72_seed_582486201;12645;Sort;2;Outer;;0;1961;1961;0;1.0;63308.23;63313.13;252;0.0;0;1193.608;1193.639;44.423;1192.983;0.0;0.0;12646;Hash Join;3;Outer;;0;1961;47115;800;5.202695532208426e-05;4846.31;63200.99;252;0.0;0;39.714;1185.616;3.494;3.495
Q7_73_seed_590690232;12663;Sort;2;Outer;;0;1961;1961;0;1.0;63308.23;63313.13;252;0.0;0;1203.577;1203.605;40.524;1202.98;0.0;0.0;12664;Hash Join;3;Outer;;0;1961;47115;800;5.202695532208426e-05;4846.31;63200.99;252;0.0;0;35.623;1196.495;2.718;2.718
Q7_74_seed_598894263;12681;Sort;2;Outer;;0;1961;1961;0;1.0;63308.23;63313.13;252;0.0;0;1164.728;1164.757;45.674;1164.167;0.0;0.0;12682;Hash Join;3;Outer;;0;1961;47115;800;5.202695532208426e-05;4846.31;63200.99;252;0.0;0;41.336;1156.382;3.248;3.249
Q7_75_seed_607098294;12699;Sort;2;Outer;;0;1961;1961;0;1.0;63308.23;63313.13;252;0.0;0;1189.178;1189.208;45.399;1188.577;0.0;0.0;12700;Hash Join;3;Outer;;0;1961;47115;800;5.202695532208426e-05;4846.31;63200.99;252;0.0;0;38.496;1181.818;2.96;2.961
Q7_76_seed_615302325;12717;Sort;2;Outer;;0;1961;1961;0;1.0;63308.23;63313.13;252;0.0;0;1247.423;1247.453;41.666;1246.805;0.0;0.0;12718;Hash Join;3;Outer;;0;1961;47115;800;5.202695532208426e-05;4846.31;63200.99;252;0.0;0;35.848;1239.598;3.307;3.307
Q7_77_seed_623506356;12735;Sort;2;Outer;;0;1961;1961;0;1.0;63308.23;63313.13;252;0.0;0;1171.913;1171.946;33.657;1171.287;0.0;0.0;12736;Hash Join;3;Outer;;0;1961;47115;800;5.202695532208426e-05;4846.31;63200.99;252;0.0;0;29.687;1164.91;2.647;2.647
Q7_78_seed_631710387;12753;Sort;2;Outer;;0;1961;1961;0;1.0;63308.23;63313.13;252;0.0;0;1214.597;1214.627;46.978;1214.03;0.0;0.0;12754;Hash Join;3;Outer;;0;1961;47115;800;5.202695532208426e-05;4846.31;63200.99;252;0.0;0;40.584;1206.033;4.098;4.098
Q7_79_seed_639914418;12771;Sort;2;Outer;;0;1961;1961;0;1.0;63308.23;63313.13;252;0.0;0;1203.932;1203.96;43.684;1203.368;0.0;0.0;12772;Hash Join;3;Outer;;0;1961;47115;800;5.202695532208426e-05;4846.31;63200.99;252;0.0;0;37.458;1195.587;3.847;3.848
Q7_7_seed_49224186;12789;Sort;2;Outer;;0;1961;1961;0;1.0;63308.23;63313.13;252;0.0;0;1195.484;1195.511;40.824;1194.888;0.0;0.0;12790;Hash Join;3;Outer;;0;1961;47115;800;5.202695532208426e-05;4846.31;63200.99;252;0.0;0;37.833;1188.818;2.415;2.416
Q7_80_seed_648118449;12807;Sort;2;Outer;;0;1961;1961;0;1.0;63308.23;63313.13;252;0.0;0;1204.606;1204.637;44.041;1204.018;0.0;0.0;12808;Hash Join;3;Outer;;0;1961;47115;800;5.202695532208426e-05;4846.31;63200.99;252;0.0;0;35.771;1195.681;4.343;4.343
Q7_81_seed_656322480;12825;Sort;2;Outer;;0;1961;1961;0;1.0;63308.23;63313.13;252;0.0;0;1209.195;1209.223;42.832;1208.627;0.0;0.0;12826;Hash Join;3;Outer;;0;1961;47115;800;5.202695532208426e-05;4846.31;63200.99;252;0.0;0;37.675;1201.452;3.406;3.406
Q7_82_seed_664526511;12843;Sort;2;Outer;;0;1961;1961;0;1.0;63308.23;63313.13;252;0.0;0;1176.735;1176.765;38.24;1176.173;0.0;0.0;12844;Hash Join;3;Outer;;0;1961;47115;800;5.202695532208426e-05;4846.31;63200.99;252;0.0;0;33.163;1169.594;2.896;2.897
Q7_83_seed_672730542;12861;Sort;2;Outer;;0;1961;1961;0;1.0;63308.23;63313.13;252;0.0;0;1211.666;1211.694;41.329;1211.065;0.0;0.0;12862;Hash Join;3;Outer;;0;1961;47115;800;5.202695532208426e-05;4846.31;63200.99;252;0.0;0;36.883;1205.249;2.001;2.002
Q7_84_seed_680934573;12879;Sort;2;Outer;;0;1961;1961;0;1.0;63308.23;63313.13;252;0.0;0;1292.83;1292.86;45.385;1292.236;0.0;0.0;12880;Hash Join;3;Outer;;0;1961;47115;800;5.202695532208426e-05;4846.31;63200.99;252;0.0;0;40.139;1285.343;3.038;3.038
Q7_85_seed_689138604;12897;Sort;2;Outer;;0;1961;1961;0;1.0;63308.23;63313.13;252;0.0;0;1205.9;1205.93;42.086;1205.281;0.0;0.0;12898;Hash Join;3;Outer;;0;1961;47115;800;5.202695532208426e-05;4846.31;63200.99;252;0.0;0;36.737;1198.234;3.334;3.334
Q7_86_seed_697342635;12915;Sort;2;Outer;;0;1961;1961;0;1.0;63308.23;63313.13;252;0.0;0;1199.192;1199.22;42.513;1198.622;0.0;0.0;12916;Hash Join;3;Outer;;0;1961;47115;800;5.202695532208426e-05;4846.31;63200.99;252;0.0;0;38.355;1191.94;2.973;2.973
Q7_87_seed_705546666;12933;Sort;2;Outer;;0;1961;1961;0;1.0;63308.23;63313.13;252;0.0;0;1177.05;1177.08;36.698;1176.441;0.0;0.0;12934;Hash Join;3;Outer;;0;1961;47115;800;5.202695532208426e-05;4846.31;63200.99;252;0.0;0;32.426;1169.508;3.105;3.106
Q7_88_seed_713750697;12951;Sort;2;Outer;;0;1961;1961;0;1.0;63308.23;63313.13;252;0.0;0;1193.176;1193.207;41.588;1192.567;0.0;0.0;12952;Hash Join;3;Outer;;0;1961;47115;800;5.202695532208426e-05;4846.31;63200.99;252;0.0;0;37.139;1184.792;3.863;3.863
Q7_89_seed_721954728;12969;Sort;2;Outer;;0;1961;1961;0;1.0;63308.23;63313.13;252;0.0;0;1232.882;1232.913;43.99;1232.177;0.0;0.0;12970;Hash Join;3;Outer;;0;1961;47115;800;5.202695532208426e-05;4846.31;63200.99;252;0.0;0;37.418;1225.333;2.897;2.898
Q7_8_seed_57428217;12987;Sort;2;Outer;;0;1961;1961;0;1.0;63308.23;63313.13;252;0.0;0;1169.244;1169.274;38.995;1168.633;0.0;0.0;12988;Hash Join;3;Outer;;0;1961;47115;800;5.202695532208426e-05;4846.31;63200.99;252;0.0;0;34.071;1161.626;3.193;3.193
Q7_90_seed_730158759;13005;Sort;2;Outer;;0;1961;1961;0;1.0;63308.23;63313.13;252;0.0;0;1184.253;1184.283;41.966;1183.639;0.0;0.0;13006;Hash Join;3;Outer;;0;1961;47115;800;5.202695532208426e-05;4846.31;63200.99;252;0.0;0;37.455;1176.528;3.226;3.227
Q7_91_seed_738362790;13023;Sort;2;Outer;;0;1961;1961;0;1.0;63308.23;63313.13;252;0.0;0;1219.006;1219.037;43.425;1218.371;0.0;0.0;13024;Hash Join;3;Outer;;0;1961;47115;800;5.202695532208426e-05;4846.31;63200.99;252;0.0;0;39.137;1211.6;2.844;2.845
Q7_92_seed_746566821;13041;Sort;2;Outer;;0;1961;1961;0;1.0;63308.23;63313.13;252;0.0;0;1198.393;1198.418;44.917;1197.847;0.0;0.0;13042;Hash Join;3;Outer;;0;1961;47115;800;5.202695532208426e-05;4846.31;63200.99;252;0.0;0;39.302;1190.022;4.13;4.131
Q7_93_seed_754770852;13059;Sort;2;Outer;;0;1961;1961;0;1.0;63308.23;63313.13;252;0.0;0;1175.911;1175.941;40.934;1175.299;0.0;0.0;13060;Hash Join;3;Outer;;0;1961;47115;800;5.202695532208426e-05;4846.31;63200.99;252;0.0;0;36.14;1169.146;2.468;2.469
Q7_94_seed_762974883;13077;Sort;2;Outer;;0;1961;1961;0;1.0;63308.23;63313.13;252;0.0;0;1187.669;1187.698;42.33;1187.087;0.0;0.0;13078;Hash Join;3;Outer;;0;1961;47115;800;5.202695532208426e-05;4846.31;63200.99;252;0.0;0;36.204;1178.47;4.14;4.141
Q7_95_seed_771178914;13095;Sort;2;Outer;;0;1961;1961;0;1.0;63308.23;63313.13;252;0.0;0;1184.635;1184.666;42.812;1184.019;0.0;0.0;13096;Hash Join;3;Outer;;0;1961;47115;800;5.202695532208426e-05;4846.31;63200.99;252;0.0;0;36.501;1175.719;4.539;4.54
Q7_96_seed_779382945;13113;Sort;2;Outer;;0;1961;1961;0;1.0;63308.23;63313.13;252;0.0;0;1199.777;1199.809;44.333;1199.177;0.0;0.0;13114;Hash Join;3;Outer;;0;1961;47115;800;5.202695532208426e-05;4846.31;63200.99;252;0.0;0;36.734;1190.494;4.889;4.89
Q7_97_seed_787586976;13131;Sort;2;Outer;;0;1961;1961;0;1.0;63308.23;63313.13;252;0.0;0;1178.216;1178.247;46.54;1177.569;0.0;0.0;13132;Hash Join;3;Outer;;0;1961;47115;800;5.202695532208426e-05;4846.31;63200.99;252;0.0;0;36.659;1168.001;5.697;5.697
Q7_98_seed_795791007;13149;Sort;2;Outer;;0;1961;1961;0;1.0;63308.23;63313.13;252;0.0;0;1229.886;1229.918;44.117;1229.262;0.0;0.0;13150;Hash Join;3;Outer;;0;1961;47115;800;5.202695532208426e-05;4846.31;63200.99;252;0.0;0;38.599;1222.504;2.817;2.818
Q7_99_seed_803995038;13167;Sort;2;Outer;;0;1961;1961;0;1.0;63308.23;63313.13;252;0.0;0;1199.722;1199.747;41.975;1199.148;0.0;0.0;13168;Hash Join;3;Outer;;0;1961;47115;800;5.202695532208426e-05;4846.31;63200.99;252;0.0;0;36.339;1190.124;5.364;5.364
Q7_9_seed_65632248;13185;Sort;2;Outer;;0;1961;1961;0;1.0;63308.23;63313.13;252;0.0;0;1194.312;1194.342;41.312;1193.705;0.0;0.0;13186;Hash Join;3;Outer;;0;1961;47115;800;5.202695532208426e-05;4846.31;63200.99;252;0.0;0;35.754;1186.264;3.542;3.542
Q18_100_seed_812199069;28827;Sort;7;Outer;;0;131527;131527;0;1.0;322526.4;322855.22;24;0.0;0;2816.491;2816.492;2710.773;2816.479;0.0;0.0;28828;Hash Join;8;Outer;;0;131527;483871;407734;6.666661317063824e-07;279098.44;311343.31;24;0.0;0;0.241;186.147;2602.537;2602.537
Q18_101_seed_820403100;28843;Sort;7;Outer;;0;131527;131527;0;1.0;322526.4;322855.22;24;0.0;0;2866.9;2866.901;2744.523;2866.892;0.0;0.0;28844;Hash Join;8;Outer;;0;131527;483871;407734;6.666661317063824e-07;279098.44;311343.31;24;0.0;0;0.234;199.936;2636.797;2636.798
Q18_102_seed_828607131;28859;Sort;7;Outer;;0;131527;131527;0;1.0;322526.4;322855.22;24;0.0;0;2852.107;2852.109;2728.894;2852.091;0.0;0.0;28860;Hash Join;8;Outer;;0;131527;483871;407734;6.666661317063824e-07;279098.44;311343.31;24;0.0;0;0.196;202.019;2621.698;2621.699
Q18_103_seed_836811162;28875;Sort;7;Outer;;0;131527;131527;0;1.0;322526.4;322855.22;24;0.0;0;2851.937;2851.939;2731.915;2851.922;0.0;0.0;28876;Hash Join;8;Outer;;0;131527;483871;407734;6.666661317063824e-07;279098.44;311343.31;24;0.0;0;0.214;185.633;2636.152;2636.152
Q18_104_seed_845015193;28891;Sort;7;Outer;;0;131527;131527;0;1.0;322526.4;322855.22;24;0.0;0;2860.445;2860.446;2711.365;2860.433;0.0;0.0;28892;Hash Join;8;Outer;;0;131527;483871;407734;6.666661317063824e-07;279098.44;311343.31;24;0.0;0;0.222;198.456;2632.269;2632.269
Q18_105_seed_853219224;28907;Sort;7;Outer;;0;131527;131527;0;1.0;322526.4;322855.22;24;0.0;0;2837.284;2837.285;2724.998;2837.274;0.0;0.0;28908;Hash Join;8;Outer;;0;131527;483871;407734;6.666661317063824e-07;279098.44;311343.31;24;0.0;0;0.232;197.182;2610.13;2610.13
Q18_106_seed_861423255;28923;Sort;7;Outer;;0;131527;131527;0;1.0;322526.4;322855.22;24;0.0;0;2839.568;2839.57;2695.605;2839.557;0.0;0.0;28924;Hash Join;8;Outer;;0;131527;483871;407734;6.666661317063824e-07;279098.44;311343.31;24;0.0;0;0.27;187.351;2621.346;2621.347
Q18_107_seed_869627286;28939;Sort;7;Outer;;0;131527;131527;0;1.0;322526.4;322855.22;24;0.0;0;2853.898;2853.899;2735.378;2853.887;0.0;0.0;28940;Hash Join;8;Outer;;0;131527;483871;407734;6.666661317063824e-07;279098.44;311343.31;24;0.0;0;0.217;193.606;2631.781;2631.781
Q18_108_seed_877831317;28955;Sort;7;Outer;;0;131527;131527;0;1.0;322526.4;322855.22;24;0.0;0;2820.583;2820.585;2685.642;2820.574;0.0;0.0;28956;Hash Join;8;Outer;;0;131527;483871;407734;6.666661317063824e-07;279098.44;311343.31;24;0.0;0;0.197;188.131;2602.466;2602.466
Q18_109_seed_886035348;28971;Sort;7;Outer;;0;131527;131527;0;1.0;322526.4;322855.22;24;0.0;0;2829.646;2829.647;2727.734;2829.636;0.0;0.0;28972;Hash Join;8;Outer;;0;131527;483871;407734;6.666661317063824e-07;279098.44;311343.31;24;0.0;0;0.234;188.228;2612.426;2612.427
Q18_10_seed_73836279;28987;Sort;7;Outer;;0;131527;131527;0;1.0;322526.4;322855.22;24;0.0;0;2836.123;2836.124;2730.745;2836.112;0.0;0.0;28988;Hash Join;8;Outer;;0;131527;483871;407734;6.666661317063824e-07;279098.44;311343.31;24;0.0;0;0.205;209.232;2598.563;2598.563
Q18_110_seed_894239379;29003;Sort;7;Outer;;0;131527;131527;0;1.0;322526.4;322855.22;24;0.0;0;2842.134;2842.135;2714.307;2842.124;0.0;0.0;29004;Hash Join;8;Outer;;0;131527;483871;407734;6.666661317063824e-07;279098.44;311343.31;24;0.0;0;0.233;194.418;2617.493;2617.493
Q18_111_seed_902443410;29019;Sort;7;Outer;;0;131527;131527;0;1.0;322526.4;322855.22;24;0.0;0;2840.33;2840.331;2714.128;2840.318;0.0;0.0;29020;Hash Join;8;Outer;;0;131527;483871;407734;6.666661317063824e-07;279098.44;311343.31;24;0.0;0;0.209;195.305;2613.246;2613.246
Q18_112_seed_910647441;29035;Sort;7;Outer;;0;131527;131527;0;1.0;322526.4;322855.22;24;0.0;0;2805.69;2805.692;2689.715;2805.68;0.0;0.0;29036;Hash Join;8;Outer;;0;131527;483871;407734;6.666661317063824e-07;279098.44;311343.31;24;0.0;0;0.24;183.258;2595.748;2595.748
Q18_113_seed_918851472;29051;Sort;7;Outer;;0;131527;131527;0;1.0;322526.4;322855.22;24;0.0;0;2867.801;2867.802;2755.233;2867.789;0.0;0.0;29052;Hash Join;8;Outer;;0;131527;483871;407734;6.666661317063824e-07;279098.44;311343.31;24;0.0;0;0.239;190.336;2646.285;2646.285
Q18_114_seed_927055503;29067;Sort;7;Outer;;0;131527;131527;0;1.0;322526.4;322855.22;24;0.0;0;2831.94;2831.942;2683.821;2831.93;0.0;0.0;29068;Hash Join;8;Outer;;0;131527;483871;407734;6.666661317063824e-07;279098.44;311343.31;24;0.0;0;0.207;199.441;2605.665;2605.665
Q18_115_seed_935259534;29083;Sort;7;Outer;;0;131527;131527;0;1.0;322526.4;322855.22;24;0.0;0;2894.77;2894.771;2809.45;2894.761;0.0;0.0;29084;Hash Join;8;Outer;;0;131527;483871;407734;6.666661317063824e-07;279098.44;311343.31;24;0.0;0;0.272;196.442;2670.267;2670.267
Q18_116_seed_943463565;29099;Sort;7;Outer;;0;131527;131527;0;1.0;322526.4;322855.22;24;0.0;0;2840.708;2840.71;2692.361;2840.698;0.0;0.0;29100;Hash Join;8;Outer;;0;131527;483871;407734;6.666661317063824e-07;279098.44;311343.31;24;0.0;0;0.21;201.636;2609.597;2609.597
Q18_117_seed_951667596;29115;Sort;7;Outer;;0;131527;131527;0;1.0;322526.4;322855.22;24;0.0;0;2835.152;2835.153;2750.759;2835.144;0.0;0.0;29116;Hash Join;8;Outer;;0;131527;483871;407734;6.666661317063824e-07;279098.44;311343.31;24;0.0;0;0.195;198.026;2608.8;2608.8
Q18_118_seed_959871627;29131;Sort;7;Outer;;0;131527;131527;0;1.0;322526.4;322855.22;24;0.0;0;2841.382;2841.383;2756.886;2841.372;0.0;0.0;29132;Hash Join;8;Outer;;0;131527;483871;407734;6.666661317063824e-07;279098.44;311343.31;24;0.0;0;0.202;196.911;2615.729;2615.729
Q18_119_seed_968075658;29147;Sort;7;Outer;;0;131527;131527;0;1.0;322526.4;322855.22;24;0.0;0;2836.068;2836.069;2771.26;2836.057;0.0;0.0;29148;Hash Join;8;Outer;;0;131527;483871;407734;6.666661317063824e-07;279098.44;311343.31;24;0.0;0;0.214;192.354;2612.722;2612.723
Q18_11_seed_82040310;29163;Sort;7;Outer;;0;131527;131527;0;1.0;322526.4;322855.22;24;0.0;0;2816.196;2816.198;2678.775;2816.168;0.0;0.0;29164;Hash Join;8;Outer;;0;131527;483871;407734;6.666661317063824e-07;279098.44;311343.31;24;0.0;0;0.21;197.118;2589.584;2589.584
Q18_120_seed_976279689;29179;Sort;7;Outer;;0;131527;131527;0;1.0;322526.4;322855.22;24;0.0;0;2829.207;2829.208;2701.771;2829.195;0.0;0.0;29180;Hash Join;8;Outer;;0;131527;483871;407734;6.666661317063824e-07;279098.44;311343.31;24;0.0;0;0.206;187.736;2612.633;2612.633
Q18_121_seed_984483720;29195;Sort;7;Outer;;0;131527;131527;0;1.0;322526.4;322855.22;24;0.0;0;2793.769;2793.77;2651.424;2793.759;0.0;0.0;29196;Hash Join;8;Outer;;0;131527;483871;407734;6.666661317063824e-07;279098.44;311343.31;24;0.0;0;0.233;190.016;2574.936;2574.936
Q18_122_seed_992687751;29211;Sort;7;Outer;;0;131527;131527;0;1.0;322526.4;322855.22;24;0.0;0;2825.67;2825.672;2701.309;2825.66;0.0;0.0;29212;Hash Join;8;Outer;;0;131527;483871;407734;6.666661317063824e-07;279098.44;311343.31;24;0.0;0;0.312;198.303;2599.24;2599.24
Q18_123_seed_1000891782;29227;Sort;7;Outer;;0;131527;131527;0;1.0;322526.4;322855.22;24;0.0;0;2891.785;2891.786;2760.647;2891.774;0.0;0.0;29228;Hash Join;8;Outer;;0;131527;483871;407734;6.666661317063824e-07;279098.44;311343.31;24;0.0;0;0.198;190.024;2671.796;2671.797
Q18_124_seed_1009095813;29243;Sort;7;Outer;;0;131527;131527;0;1.0;322526.4;322855.22;24;0.0;0;2870.197;2870.198;2727.4;2870.188;0.0;0.0;29244;Hash Join;8;Outer;;0;131527;483871;407734;6.666661317063824e-07;279098.44;311343.31;24;0.0;0;0.221;192.37;2648.967;2648.968
Q18_125_seed_1017299844;29259;Sort;7;Outer;;0;131527;131527;0;1.0;322526.4;322855.22;24;0.0;0;2848.263;2848.264;2722.879;2848.252;0.0;0.0;29260;Hash Join;8;Outer;;0;131527;483871;407734;6.666661317063824e-07;279098.44;311343.31;24;0.0;0;0.29;192.326;2627.514;2627.514
Q18_126_seed_1025503875;29275;Sort;7;Outer;;0;131527;131527;0;1.0;322526.4;322855.22;24;0.0;0;2837.464;2837.466;2707.516;2837.453;0.0;0.0;29276;Hash Join;8;Outer;;0;131527;483871;407734;6.666661317063824e-07;279098.44;311343.31;24;0.0;0;0.205;200.646;2605.123;2605.124
Q18_127_seed_1033707906;29291;Sort;7;Outer;;0;131527;131527;0;1.0;322526.4;322855.22;24;0.0;0;2862.891;2862.893;2712.725;2862.883;0.0;0.0;29292;Hash Join;8;Outer;;0;131527;483871;407734;6.666661317063824e-07;279098.44;311343.31;24;0.0;0;0.206;204.122;2628.962;2628.963
Q18_128_seed_1041911937;29307;Sort;7;Outer;;0;131527;131527;0;1.0;322526.4;322855.22;24;0.0;0;2835.356;2835.358;2690.785;2835.345;0.0;0.0;29308;Hash Join;8;Outer;;0;131527;483871;407734;6.666661317063824e-07;279098.44;311343.31;24;0.0;0;0.203;198.581;2606.252;2606.252
Q18_129_seed_1050115968;29323;Sort;7;Outer;;0;131527;131527;0;1.0;322526.4;322855.22;24;0.0;0;2837.175;2837.176;2739.049;2837.165;0.0;0.0;29324;Hash Join;8;Outer;;0;131527;483871;407734;6.666661317063824e-07;279098.44;311343.31;24;0.0;0;0.247;184.692;2622.349;2622.35
Q18_12_seed_90244341;29339;Sort;7;Outer;;0;131527;131527;0;1.0;322526.4;322855.22;24;0.0;0;2827.676;2827.677;2686.411;2827.664;0.0;0.0;29340;Hash Join;8;Outer;;0;131527;483871;407734;6.666661317063824e-07;279098.44;311343.31;24;0.0;0;0.233;193.798;2602.915;2602.915
Q18_130_seed_1058319999;29355;Sort;7;Outer;;0;131527;131527;0;1.0;322526.4;322855.22;24;0.0;0;2834.984;2834.985;2686.209;2834.972;0.0;0.0;29356;Hash Join;8;Outer;;0;131527;483871;407734;6.666661317063824e-07;279098.44;311343.31;24;0.0;0;0.228;195.797;2611.036;2611.036
Q18_131_seed_1066524030;29371;Sort;7;Outer;;0;131527;131527;0;1.0;322526.4;322855.22;24;0.0;0;2870.22;2870.222;2742.442;2870.21;0.0;0.0;29372;Hash Join;8;Outer;;0;131527;483871;407734;6.666661317063824e-07;279098.44;311343.31;24;0.0;0;0.207;197.672;2643.555;2643.556
Q18_132_seed_1074728061;29387;Sort;7;Outer;;0;131527;131527;0;1.0;322526.4;322855.22;24;0.0;0;2842.387;2842.388;2754.844;2842.374;0.0;0.0;29388;Hash Join;8;Outer;;0;131527;483871;407734;6.666661317063824e-07;279098.44;311343.31;24;0.0;0;0.209;189.352;2622.142;2622.142
Q18_133_seed_1082932092;29403;Sort;7;Outer;;0;131527;131527;0;1.0;322526.4;322855.22;24;0.0;0;2841.984;2841.985;2732.225;2841.974;0.0;0.0;29404;Hash Join;8;Outer;;0;131527;483871;407734;6.666661317063824e-07;279098.44;311343.31;24;0.0;0;0.226;194.186;2618.977;2618.977
Q18_134_seed_1091136123;29419;Sort;7;Outer;;0;131527;131527;0;1.0;322526.4;322855.22;24;0.0;0;2830.948;2830.95;2689.689;2830.936;0.0;0.0;29420;Hash Join;8;Outer;;0;131527;483871;407734;6.666661317063824e-07;279098.44;311343.31;24;0.0;0;0.199;187.554;2613.15;2613.15
Q18_135_seed_1099340154;29435;Sort;7;Outer;;0;131527;131527;0;1.0;322526.4;322855.22;24;0.0;0;2922.149;2922.151;2831.238;2922.14;0.0;0.0;29436;Hash Join;8;Outer;;0;131527;483871;407734;6.666661317063824e-07;279098.44;311343.31;24;0.0;0;0.192;202.623;2690.081;2690.081
Q18_136_seed_1107544185;29451;Sort;7;Outer;;0;131527;131527;0;1.0;322526.4;322855.22;24;0.0;0;2844.705;2844.707;2722.946;2844.695;0.0;0.0;29452;Hash Join;8;Outer;;0;131527;483871;407734;6.666661317063824e-07;279098.44;311343.31;24;0.0;0;0.237;195.053;2620.375;2620.375
Q18_137_seed_1115748216;29467;Sort;7;Outer;;0;131527;131527;0;1.0;322526.4;322855.22;24;0.0;0;2832.343;2832.344;2732.365;2832.332;0.0;0.0;29468;Hash Join;8;Outer;;0;131527;483871;407734;6.666661317063824e-07;279098.44;311343.31;24;0.0;0;0.203;187.946;2615.177;2615.178
Q18_138_seed_1123952247;29483;Sort;7;Outer;;0;131527;131527;0;1.0;322526.4;322855.22;24;0.0;0;2839.37;2839.371;2720.997;2839.362;0.0;0.0;29484;Hash Join;8;Outer;;0;131527;483871;407734;6.666661317063824e-07;279098.44;311343.31;24;0.0;0;0.208;195.113;2615.767;2615.767
Q18_139_seed_1132156278;29499;Sort;7;Outer;;0;131527;131527;0;1.0;322526.4;322855.22;24;0.0;0;2814.907;2814.909;2681.617;2814.897;0.0;0.0;29500;Hash Join;8;Outer;;0;131527;483871;407734;6.666661317063824e-07;279098.44;311343.31;24;0.0;0;0.193;186.126;2599.028;2599.028
Q18_13_seed_98448372;29515;Sort;7;Outer;;0;131527;131527;0;1.0;322526.4;322855.22;24;0.0;0;2834.196;2834.198;2692.523;2834.186;0.0;0.0;29516;Hash Join;8;Outer;;0;131527;483871;407734;6.666661317063824e-07;279098.44;311343.31;24;0.0;0;0.216;198.219;2605.931;2605.932
Q18_140_seed_1140360309;29531;Sort;7;Outer;;0;131527;131527;0;1.0;322526.4;322855.22;24;0.0;0;2839.111;2839.112;2713.758;2839.101;0.0;0.0;29532;Hash Join;8;Outer;;0;131527;483871;407734;6.666661317063824e-07;279098.44;311343.31;24;0.0;0;0.236;191.506;2615.005;2615.005
Q18_141_seed_1148564340;29547;Sort;7;Outer;;0;131527;131527;0;1.0;322526.4;322855.22;24;0.0;0;2847.472;2847.474;2749.894;2847.461;0.0;0.0;29548;Hash Join;8;Outer;;0;131527;483871;407734;6.666661317063824e-07;279098.44;311343.31;24;0.0;0;0.226;191.203;2626.962;2626.963
Q18_142_seed_1156768371;29563;Sort;7;Outer;;0;131527;131527;0;1.0;322526.4;322855.22;24;0.0;0;2824.274;2824.276;2693.61;2824.264;0.0;0.0;29564;Hash Join;8;Outer;;0;131527;483871;407734;6.666661317063824e-07;279098.44;311343.31;24;0.0;0;0.193;192.537;2602.268;2602.268
Q18_143_seed_1164972402;29579;Sort;7;Outer;;0;131527;131527;0;1.0;322526.4;322855.22;24;0.0;0;2840.334;2840.335;2727.389;2840.325;0.0;0.0;29580;Hash Join;8;Outer;;0;131527;483871;407734;6.666661317063824e-07;279098.44;311343.31;24;0.0;0;0.215;194.637;2616.981;2616.982
Q18_144_seed_1173176433;29595;Sort;7;Outer;;0;131527;131527;0;1.0;322526.4;322855.22;24;0.0;0;2859.751;2859.753;2735.023;2859.74;0.0;0.0;29596;Hash Join;8;Outer;;0;131527;483871;407734;6.666661317063824e-07;279098.44;311343.31;24;0.0;0;0.224;189.35;2641.833;2641.833
Q18_145_seed_1181380464;29611;Sort;7;Outer;;0;131527;131527;0;1.0;322526.4;322855.22;24;0.0;0;2855.945;2855.946;2741.234;2855.933;0.0;0.0;29612;Hash Join;8;Outer;;0;131527;483871;407734;6.666661317063824e-07;279098.44;311343.31;24;0.0;0;0.226;190.539;2633.75;2633.751
Q18_146_seed_1189584495;29627;Sort;7;Outer;;0;131527;131527;0;1.0;322526.4;322855.22;24;0.0;0;2828.168;2828.169;2681.337;2828.154;0.0;0.0;29628;Hash Join;8;Outer;;0;131527;483871;407734;6.666661317063824e-07;279098.44;311343.31;24;0.0;0;0.217;195.823;2602.73;2602.73
Q18_147_seed_1197788526;29643;Sort;7;Outer;;0;131527;131527;0;1.0;322526.4;322855.22;24;0.0;0;2848.461;2848.462;2704.84;2848.45;0.0;0.0;29644;Hash Join;8;Outer;;0;131527;483871;407734;6.666661317063824e-07;279098.44;311343.31;24;0.0;0;0.237;193.927;2622.723;2622.723
Q18_148_seed_1205992557;29659;Sort;7;Outer;;0;131527;131527;0;1.0;322526.4;322855.22;24;0.0;0;2844.321;2844.322;2693.99;2844.31;0.0;0.0;29660;Hash Join;8;Outer;;0;131527;483871;407734;6.666661317063824e-07;279098.44;311343.31;24;0.0;0;0.21;202.662;2613.057;2613.057
Q18_149_seed_1214196588;29675;Sort;7;Outer;;0;131527;131527;0;1.0;322526.4;322855.22;24;0.0;0;2842.62;2842.621;2722.723;2842.609;0.0;0.0;29676;Hash Join;8;Outer;;0;131527;483871;407734;6.666661317063824e-07;279098.44;311343.31;24;0.0;0;0.22;184.531;2626.746;2626.747
Q18_14_seed_106652403;29691;Sort;7;Outer;;0;131527;131527;0;1.0;322526.4;322855.22;24;0.0;0;2851.449;2851.45;2724.158;2851.439;0.0;0.0;29692;Hash Join;8;Outer;;0;131527;483871;407734;6.666661317063824e-07;279098.44;311343.31;24;0.0;0;0.207;196.07;2627.815;2627.815
Q18_150_seed_1231235959;29707;Sort;7;Outer;;0;131527;131527;0;1.0;322526.4;322855.22;24;0.0;0;2873.373;2873.374;2753.903;2873.36;0.0;0.0;29708;Hash Join;8;Outer;;0;131527;483871;407734;6.666661317063824e-07;279098.44;311343.31;24;0.0;0;0.197;196.402;2645.382;2645.382
Q18_15_seed_114856434;29723;Sort;7;Outer;;0;131527;131527;0;1.0;322526.4;322855.22;24;0.0;0;2857.028;2857.029;2705.602;2857.017;0.0;0.0;29724;Hash Join;8;Outer;;0;131527;483871;407734;6.666661317063824e-07;279098.44;311343.31;24;0.0;0;0.215;203.163;2624.76;2624.761
Q18_16_seed_123060465;29739;Sort;7;Outer;;0;131527;131527;0;1.0;322526.4;322855.22;24;0.0;0;2844.762;2844.763;2721.336;2844.751;0.0;0.0;29740;Hash Join;8;Outer;;0;131527;483871;407734;6.666661317063824e-07;279098.44;311343.31;24;0.0;0;0.221;204.986;2608.997;2608.997
Q18_17_seed_131264496;29755;Sort;7;Outer;;0;131527;131527;0;1.0;322526.4;322855.22;24;0.0;0;2807.755;2807.756;2670.965;2807.744;0.0;0.0;29756;Hash Join;8;Outer;;0;131527;483871;407734;6.666661317063824e-07;279098.44;311343.31;24;0.0;0;0.245;189.305;2589.05;2589.05
Q18_18_seed_139468527;29771;Sort;7;Outer;;0;131527;131527;0;1.0;322526.4;322855.22;24;0.0;0;2829.836;2829.837;2722.615;2829.823;0.0;0.0;29772;Hash Join;8;Outer;;0;131527;483871;407734;6.666661317063824e-07;279098.44;311343.31;24;0.0;0;0.233;201.34;2600.827;2600.827
Q18_19_seed_147672558;29787;Sort;7;Outer;;0;131527;131527;0;1.0;322526.4;322855.22;24;0.0;0;2841.952;2841.953;2723.867;2841.938;0.0;0.0;29788;Hash Join;8;Outer;;0;131527;483871;407734;6.666661317063824e-07;279098.44;311343.31;24;0.0;0;0.23;192.878;2618.19;2618.191
Q18_1_seed_0101000000;29803;Sort;7;Outer;;0;131527;131527;0;1.0;322526.4;322855.22;24;0.0;0;2854.96;2854.961;2717.174;2854.95;0.0;0.0;29804;Hash Join;8;Outer;;0;131527;483871;407734;6.666661317063824e-07;279098.44;311343.31;24;0.0;0;0.226;187.167;2635.897;2635.898
Q18_20_seed_155876589;29819;Sort;7;Outer;;0;131527;131527;0;1.0;322526.4;322855.22;24;0.0;0;2836.05;2836.051;2697.612;2836.04;0.0;0.0;29820;Hash Join;8;Outer;;0;131527;483871;407734;6.666661317063824e-07;279098.44;311343.31;24;0.0;0;0.21;188.425;2618.358;2618.359
Q18_21_seed_164080620;29835;Sort;7;Outer;;0;131527;131527;0;1.0;322526.4;322855.22;24;0.0;0;2829.25;2829.251;2698.483;2829.239;0.0;0.0;29836;Hash Join;8;Outer;;0;131527;483871;407734;6.666661317063824e-07;279098.44;311343.31;24;0.0;0;0.214;197.735;2600.752;2600.752
Q18_22_seed_172284651;29851;Sort;7;Outer;;0;131527;131527;0;1.0;322526.4;322855.22;24;0.0;0;2827.157;2827.159;2684.916;2827.148;0.0;0.0;29852;Hash Join;8;Outer;;0;131527;483871;407734;6.666661317063824e-07;279098.44;311343.31;24;0.0;0;0.224;195.009;2603.677;2603.678
Q18_23_seed_180488682;29867;Sort;7;Outer;;0;131527;131527;0;1.0;322526.4;322855.22;24;0.0;0;2838.784;2838.785;2719.017;2838.773;0.0;0.0;29868;Hash Join;8;Outer;;0;131527;483871;407734;6.666661317063824e-07;279098.44;311343.31;24;0.0;0;0.29;188.212;2620.365;2620.365
Q18_24_seed_188692713;29883;Sort;7;Outer;;0;131527;131527;0;1.0;322526.4;322855.22;24;0.0;0;2835.34;2835.342;2721.533;2835.332;0.0;0.0;29884;Hash Join;8;Outer;;0;131527;483871;407734;6.666661317063824e-07;279098.44;311343.31;24;0.0;0;0.261;190.596;2614.341;2614.341
Q18_25_seed_196896744;29899;Sort;7;Outer;;0;131527;131527;0;1.0;322526.4;322855.22;24;0.0;0;2848.965;2848.966;2729.732;2848.955;0.0;0.0;29900;Hash Join;8;Outer;;0;131527;483871;407734;6.666661317063824e-07;279098.44;311343.31;24;0.0;0;0.206;194.338;2626.117;2626.118
Q18_26_seed_205100775;29915;Sort;7;Outer;;0;131527;131527;0;1.0;322526.4;322855.22;24;0.0;0;2818.305;2818.306;2716.852;2818.294;0.0;0.0;29916;Hash Join;8;Outer;;0;131527;483871;407734;6.666661317063824e-07;279098.44;311343.31;24;0.0;0;0.221;199.209;2590.558;2590.559
Q18_27_seed_213304806;29931;Sort;7;Outer;;0;131527;131527;0;1.0;322526.4;322855.22;24;0.0;0;2838.57;2838.572;2703.53;2838.556;0.0;0.0;29932;Hash Join;8;Outer;;0;131527;483871;407734;6.666661317063824e-07;279098.44;311343.31;24;0.0;0;0.207;185.108;2622.846;2622.846
Q18_28_seed_221508837;29947;Sort;7;Outer;;0;131527;131527;0;1.0;322526.4;322855.22;24;0.0;0;2866.921;2866.923;2748.327;2866.911;0.0;0.0;29948;Hash Join;8;Outer;;0;131527;483871;407734;6.666661317063824e-07;279098.44;311343.31;24;0.0;0;0.225;202.592;2632.691;2632.691
Q18_29_seed_229712868;29963;Sort;7;Outer;;0;131527;131527;0;1.0;322526.4;322855.22;24;0.0;0;2859.049;2859.051;2726.428;2859.042;0.0;0.0;29964;Hash Join;8;Outer;;0;131527;483871;407734;6.666661317063824e-07;279098.44;311343.31;24;0.0;0;0.683;192.328;2635.835;2635.836
Q18_2_seed_8204031;29979;Sort;7;Outer;;0;131527;131527;0;1.0;322526.4;322855.22;24;0.0;0;2855.939;2855.94;2738.614;2855.928;0.0;0.0;29980;Hash Join;8;Outer;;0;131527;483871;407734;6.666661317063824e-07;279098.44;311343.31;24;0.0;0;0.245;199.272;2627.866;2627.866
Q18_30_seed_237916899;29995;Sort;7;Outer;;0;131527;131527;0;1.0;322526.4;322855.22;24;0.0;0;2840.487;2840.488;2750.679;2840.476;0.0;0.0;29996;Hash Join;8;Outer;;0;131527;483871;407734;6.666661317063824e-07;279098.44;311343.31;24;0.0;0;0.234;200.53;2608.889;2608.889
Q18_31_seed_246120930;30011;Sort;7;Outer;;0;131527;131527;0;1.0;322526.4;322855.22;24;0.0;0;2841.465;2841.466;2695.584;2841.454;0.0;0.0;30012;Hash Join;8;Outer;;0;131527;483871;407734;6.666661317063824e-07;279098.44;311343.31;24;0.0;0;0.239;194.298;2618.485;2618.485
Q18_32_seed_254324961;30027;Sort;7;Outer;;0;131527;131527;0;1.0;322526.4;322855.22;24;0.0;0;2845.504;2845.505;2726.209;2845.493;0.0;0.0;30028;Hash Join;8;Outer;;0;131527;483871;407734;6.666661317063824e-07;279098.44;311343.31;24;0.0;0;0.214;196.381;2622.537;2622.537
Q18_33_seed_262528992;30043;Sort;7;Outer;;0;131527;131527;0;1.0;322526.4;322855.22;24;0.0;0;2854.662;2854.663;2723.432;2854.653;0.0;0.0;30044;Hash Join;8;Outer;;0;131527;483871;407734;6.666661317063824e-07;279098.44;311343.31;24;0.0;0;0.203;183.122;2643.852;2643.852
Q18_34_seed_270733023;30059;Sort;7;Outer;;0;131527;131527;0;1.0;322526.4;322855.22;24;0.0;0;2868.61;2868.611;2723.83;2868.599;0.0;0.0;30060;Hash Join;8;Outer;;0;131527;483871;407734;6.666661317063824e-07;279098.44;311343.31;24;0.0;0;0.24;201.587;2637.097;2637.098
Q18_35_seed_278937054;30075;Sort;7;Outer;;0;131527;131527;0;1.0;322526.4;322855.22;24;0.0;0;2813.63;2813.631;2678.646;2813.619;0.0;0.0;30076;Hash Join;8;Outer;;0;131527;483871;407734;6.666661317063824e-07;279098.44;311343.31;24;0.0;0;0.218;196.096;2588.588;2588.588
Q18_36_seed_287141085;30091;Sort;7;Outer;;0;131527;131527;0;1.0;322526.4;322855.22;24;0.0;0;2828.641;2828.643;2708.992;2828.623;0.0;0.0;30092;Hash Join;8;Outer;;0;131527;483871;407734;6.666661317063824e-07;279098.44;311343.31;24;0.0;0;0.246;196.36;2602.652;2602.652
Q18_37_seed_295345116;30107;Sort;7;Outer;;0;131527;131527;0;1.0;322526.4;322855.22;24;0.0;0;2858.139;2858.141;2738.774;2858.132;0.0;0.0;30108;Hash Join;8;Outer;;0;131527;483871;407734;6.666661317063824e-07;279098.44;311343.31;24;0.0;0;0.249;198.834;2629.227;2629.228
Q18_38_seed_303549147;30123;Sort;7;Outer;;0;131527;131527;0;1.0;322526.4;322855.22;24;0.0;0;2868.353;2868.355;2749.252;2868.343;0.0;0.0;30124;Hash Join;8;Outer;;0;131527;483871;407734;6.666661317063824e-07;279098.44;311343.31;24;0.0;0;0.24;200.395;2638.832;2638.832
Q18_39_seed_311753178;30139;Sort;7;Outer;;0;131527;131527;0;1.0;322526.4;322855.22;24;0.0;0;2867.876;2867.878;2732.498;2867.865;0.0;0.0;30140;Hash Join;8;Outer;;0;131527;483871;407734;6.666661317063824e-07;279098.44;311343.31;24;0.0;0;0.205;208.988;2629.989;2629.989
Q18_3_seed_16408062;30155;Sort;7;Outer;;0;131527;131527;0;1.0;322526.4;322855.22;24;0.0;0;2871.036;2871.037;2768.265;2871.027;0.0;0.0;30156;Hash Join;8;Outer;;0;131527;483871;407734;6.666661317063824e-07;279098.44;311343.31;24;0.0;0;0.234;194.256;2645.496;2645.497
Q18_40_seed_319957209;30171;Sort;7;Outer;;0;131527;131527;0;1.0;322526.4;322855.22;24;0.0;0;2826.505;2826.506;2707.253;2826.492;0.0;0.0;30172;Hash Join;8;Outer;;0;131527;483871;407734;6.666661317063824e-07;279098.44;311343.31;24;0.0;0;0.214;193.041;2603.688;2603.689
Q18_41_seed_328161240;30187;Sort;7;Outer;;0;131527;131527;0;1.0;322526.4;322855.22;24;0.0;0;2842.271;2842.273;2693.007;2842.263;0.0;0.0;30188;Hash Join;8;Outer;;0;131527;483871;407734;6.666661317063824e-07;279098.44;311343.31;24;0.0;0;0.21;198.436;2615.268;2615.268
Q18_42_seed_336365271;30203;Sort;7;Outer;;0;131527;131527;0;1.0;322526.4;322855.22;24;0.0;0;2819.952;2819.953;2697.949;2819.942;0.0;0.0;30204;Hash Join;8;Outer;;0;131527;483871;407734;6.666661317063824e-07;279098.44;311343.31;24;0.0;0;0.206;191.616;2599.336;2599.336
Q18_43_seed_344569302;30219;Sort;7;Outer;;0;131527;131527;0;1.0;322526.4;322855.22;24;0.0;0;2846.014;2846.015;2747.949;2846.004;0.0;0.0;30220;Hash Join;8;Outer;;0;131527;483871;407734;6.666661317063824e-07;279098.44;311343.31;24;0.0;0;0.209;190.157;2625.2;2625.201
Q18_44_seed_352773333;30235;Sort;7;Outer;;0;131527;131527;0;1.0;322526.4;322855.22;24;0.0;0;2827.24;2827.241;2711.307;2827.232;0.0;0.0;30236;Hash Join;8;Outer;;0;131527;483871;407734;6.666661317063824e-07;279098.44;311343.31;24;0.0;0;0.218;191.926;2605.855;2605.856
Q18_45_seed_360977364;30251;Sort;7;Outer;;0;131527;131527;0;1.0;322526.4;322855.22;24;0.0;0;2850.965;2850.966;2736.984;2850.952;0.0;0.0;30252;Hash Join;8;Outer;;0;131527;483871;407734;6.666661317063824e-07;279098.44;311343.31;24;0.0;0;0.201;202.105;2616.071;2616.072
Q18_46_seed_369181395;30267;Sort;7;Outer;;0;131527;131527;0;1.0;322526.4;322855.22;24;0.0;0;2866.523;2866.524;2723.917;2866.511;0.0;0.0;30268;Hash Join;8;Outer;;0;131527;483871;407734;6.666661317063824e-07;279098.44;311343.31;24;0.0;0;0.221;184.081;2652.203;2652.203
Q18_47_seed_377385426;30283;Sort;7;Outer;;0;131527;131527;0;1.0;322526.4;322855.22;24;0.0;0;2847.89;2847.891;2732.383;2847.88;0.0;0.0;30284;Hash Join;8;Outer;;0;131527;483871;407734;6.666661317063824e-07;279098.44;311343.31;24;0.0;0;0.28;203.654;2612.889;2612.889
Q18_48_seed_385589457;30299;Sort;7;Outer;;0;131527;131527;0;1.0;322526.4;322855.22;24;0.0;0;2833.167;2833.168;2705.424;2833.155;0.0;0.0;30300;Hash Join;8;Outer;;0;131527;483871;407734;6.666661317063824e-07;279098.44;311343.31;24;0.0;0;0.208;196.345;2610.912;2610.913
Q18_49_seed_393793488;30315;Sort;7;Outer;;0;131527;131527;0;1.0;322526.4;322855.22;24;0.0;0;2852.322;2852.323;2719.485;2852.313;0.0;0.0;30316;Hash Join;8;Outer;;0;131527;483871;407734;6.666661317063824e-07;279098.44;311343.31;24;0.0;0;0.278;194.295;2628.092;2628.093
Q18_4_seed_24612093;30331;Sort;7;Outer;;0;131527;131527;0;1.0;322526.4;322855.22;24;0.0;0;2834.327;2834.328;2688.802;2834.316;0.0;0.0;30332;Hash Join;8;Outer;;0;131527;483871;407734;6.666661317063824e-07;279098.44;311343.31;24;0.0;0;0.244;191.737;2614.065;2614.065
Q18_50_seed_401997519;30347;Sort;7;Outer;;0;131527;131527;0;1.0;322526.4;322855.22;24;0.0;0;2847.452;2847.453;2719.185;2847.44;0.0;0.0;30348;Hash Join;8;Outer;;0;131527;483871;407734;6.666661317063824e-07;279098.44;311343.31;24;0.0;0;0.218;191.315;2624.708;2624.708
Q18_51_seed_410201550;30363;Sort;7;Outer;;0;131527;131527;0;1.0;322526.4;322855.22;24;0.0;0;2906.51;2906.512;2771.21;2906.499;0.0;0.0;30364;Hash Join;8;Outer;;0;131527;483871;407734;6.666661317063824e-07;279098.44;311343.31;24;0.0;0;0.409;203.31;2675.139;2675.14
Q18_52_seed_418405581;30379;Sort;7;Outer;;0;131527;131527;0;1.0;322526.4;322855.22;24;0.0;0;2854.596;2854.598;2725.973;2854.587;0.0;0.0;30380;Hash Join;8;Outer;;0;131527;483871;407734;6.666661317063824e-07;279098.44;311343.31;24;0.0;0;0.287;197.769;2628.574;2628.574
Q18_53_seed_426609612;30395;Sort;7;Outer;;0;131527;131527;0;1.0;322526.4;322855.22;24;0.0;0;2837.317;2837.319;2700.504;2837.305;0.0;0.0;30396;Hash Join;8;Outer;;0;131527;483871;407734;6.666661317063824e-07;279098.44;311343.31;24;0.0;0;0.231;190.96;2615.421;2615.422
Q18_54_seed_434813643;30411;Sort;7;Outer;;0;131527;131527;0;1.0;322526.4;322855.22;24;0.0;0;2845.061;2845.062;2705.698;2845.052;0.0;0.0;30412;Hash Join;8;Outer;;0;131527;483871;407734;6.666661317063824e-07;279098.44;311343.31;24;0.0;0;0.268;193.627;2621.586;2621.586
Q18_55_seed_443017674;30427;Sort;7;Outer;;0;131527;131527;0;1.0;322526.4;322855.22;24;0.0;0;2867.041;2867.042;2733.063;2867.029;0.0;0.0;30428;Hash Join;8;Outer;;0;131527;483871;407734;6.666661317063824e-07;279098.44;311343.31;24;0.0;0;0.198;195.967;2641.314;2641.314
Q18_56_seed_451221705;30443;Sort;7;Outer;;0;131527;131527;0;1.0;322526.4;322855.22;24;0.0;0;2837.202;2837.203;2730.471;2837.192;0.0;0.0;30444;Hash Join;8;Outer;;0;131527;483871;407734;6.666661317063824e-07;279098.44;311343.31;24;0.0;0;0.227;192.039;2614.539;2614.539
Q18_57_seed_459425736;30459;Sort;7;Outer;;0;131527;131527;0;1.0;322526.4;322855.22;24;0.0;0;2843.289;2843.291;2698.423;2843.278;0.0;0.0;30460;Hash Join;8;Outer;;0;131527;483871;407734;6.666661317063824e-07;279098.44;311343.31;24;0.0;0;0.212;196.583;2616.7;2616.701
Q18_58_seed_467629767;30475;Sort;7;Outer;;0;131527;131527;0;1.0;322526.4;322855.22;24;0.0;0;2870.026;2870.027;2754.833;2870.015;0.0;0.0;30476;Hash Join;8;Outer;;0;131527;483871;407734;6.666661317063824e-07;279098.44;311343.31;24;0.0;0;0.246;207.113;2631.291;2631.291
Q18_59_seed_475833798;30491;Sort;7;Outer;;0;131527;131527;0;1.0;322526.4;322855.22;24;0.0;0;2840.014;2840.015;2752.505;2840.006;0.0;0.0;30492;Hash Join;8;Outer;;0;131527;483871;407734;6.666661317063824e-07;279098.44;311343.31;24;0.0;0;0.248;194.934;2616.299;2616.299
Q18_5_seed_32816124;30507;Sort;7;Outer;;0;131527;131527;0;1.0;322526.4;322855.22;24;0.0;0;2868.881;2868.882;2749.844;2868.87;0.0;0.0;30508;Hash Join;8;Outer;;0;131527;483871;407734;6.666661317063824e-07;279098.44;311343.31;24;0.0;0;0.242;197.057;2643.702;2643.702
Q18_60_seed_484037829;30523;Sort;7;Outer;;0;131527;131527;0;1.0;322526.4;322855.22;24;0.0;0;2800.541;2800.542;2654.012;2800.534;0.0;0.0;30524;Hash Join;8;Outer;;0;131527;483871;407734;6.666661317063824e-07;279098.44;311343.31;24;0.0;0;0.206;198.477;2573.49;2573.49
Q18_61_seed_492241860;30539;Sort;7;Outer;;0;131527;131527;0;1.0;322526.4;322855.22;24;0.0;0;2809.88;2809.882;2688.979;2809.869;0.0;0.0;30540;Hash Join;8;Outer;;0;131527;483871;407734;6.666661317063824e-07;279098.44;311343.31;24;0.0;0;0.209;194.673;2587.937;2587.938
Q18_62_seed_500445891;30555;Sort;7;Outer;;0;131527;131527;0;1.0;322526.4;322855.22;24;0.0;0;2828.884;2828.885;2711.279;2828.877;0.0;0.0;30556;Hash Join;8;Outer;;0;131527;483871;407734;6.666661317063824e-07;279098.44;311343.31;24;0.0;0;0.201;196.605;2601.274;2601.274
Q18_63_seed_508649922;30571;Sort;7;Outer;;0;131527;131527;0;1.0;322526.4;322855.22;24;0.0;0;2840.509;2840.51;2716.345;2840.501;0.0;0.0;30572;Hash Join;8;Outer;;0;131527;483871;407734;6.666661317063824e-07;279098.44;311343.31;24;0.0;0;0.249;186.192;2619.131;2619.131
Q18_64_seed_516853953;30587;Sort;7;Outer;;0;131527;131527;0;1.0;322526.4;322855.22;24;0.0;0;2834.536;2834.538;2694.284;2834.526;0.0;0.0;30588;Hash Join;8;Outer;;0;131527;483871;407734;6.666661317063824e-07;279098.44;311343.31;24;0.0;0;0.24;192.809;2612.968;2612.968
Q18_65_seed_525057984;30603;Sort;7;Outer;;0;131527;131527;0;1.0;322526.4;322855.22;24;0.0;0;2856.693;2856.695;2738.731;2856.682;0.0;0.0;30604;Hash Join;8;Outer;;0;131527;483871;407734;6.666661317063824e-07;279098.44;311343.31;24;0.0;0;0.206;193.744;2635.651;2635.652
Q18_66_seed_533262015;30619;Sort;7;Outer;;0;131527;131527;0;1.0;322526.4;322855.22;24;0.0;0;2845.348;2845.349;2753.81;2845.339;0.0;0.0;30620;Hash Join;8;Outer;;0;131527;483871;407734;6.666661317063824e-07;279098.44;311343.31;24;0.0;0;0.204;197.843;2618.553;2618.553
Q18_67_seed_541466046;30635;Sort;7;Outer;;0;131527;131527;0;1.0;322526.4;322855.22;24;0.0;0;2854.845;2854.847;2707.245;2854.833;0.0;0.0;30636;Hash Join;8;Outer;;0;131527;483871;407734;6.666661317063824e-07;279098.44;311343.31;24;0.0;0;0.205;196.624;2628.479;2628.48
Q18_68_seed_549670077;30651;Sort;7;Outer;;0;131527;131527;0;1.0;322526.4;322855.22;24;0.0;0;2829.469;2829.47;2723.553;2829.46;0.0;0.0;30652;Hash Join;8;Outer;;0;131527;483871;407734;6.666661317063824e-07;279098.44;311343.31;24;0.0;0;0.221;190.445;2609.949;2609.949
Q18_69_seed_557874108;30667;Sort;7;Outer;;0;131527;131527;0;1.0;322526.4;322855.22;24;0.0;0;2821.145;2821.146;2701.239;2821.136;0.0;0.0;30668;Hash Join;8;Outer;;0;131527;483871;407734;6.666661317063824e-07;279098.44;311343.31;24;0.0;0;0.222;198.412;2594.516;2594.516
Q18_6_seed_41020155;30683;Sort;7;Outer;;0;131527;131527;0;1.0;322526.4;322855.22;24;0.0;0;2851.841;2851.843;2736.678;2851.832;0.0;0.0;30684;Hash Join;8;Outer;;0;131527;483871;407734;6.666661317063824e-07;279098.44;311343.31;24;0.0;0;0.297;199.575;2623.524;2623.525
Q18_70_seed_566078139;30699;Sort;7;Outer;;0;131527;131527;0;1.0;322526.4;322855.22;24;0.0;0;2850.792;2850.793;2705.512;2850.783;0.0;0.0;30700;Hash Join;8;Outer;;0;131527;483871;407734;6.666661317063824e-07;279098.44;311343.31;24;0.0;0;0.216;199.255;2622.831;2622.831
Q18_71_seed_574282170;30715;Sort;7;Outer;;0;131527;131527;0;1.0;322526.4;322855.22;24;0.0;0;2851.716;2851.717;2719.985;2851.706;0.0;0.0;30716;Hash Join;8;Outer;;0;131527;483871;407734;6.666661317063824e-07;279098.44;311343.31;24;0.0;0;0.244;198.333;2624.858;2624.858
Q18_72_seed_582486201;30731;Sort;7;Outer;;0;131527;131527;0;1.0;322526.4;322855.22;24;0.0;0;2889.111;2889.112;2757.709;2889.103;0.0;0.0;30732;Hash Join;8;Outer;;0;131527;483871;407734;6.666661317063824e-07;279098.44;311343.31;24;0.0;0;0.204;198.877;2661.451;2661.452
Q18_73_seed_590690232;30747;Sort;7;Outer;;0;131527;131527;0;1.0;322526.4;322855.22;24;0.0;0;2841.466;2841.468;2714.719;2841.458;0.0;0.0;30748;Hash Join;8;Outer;;0;131527;483871;407734;6.666661317063824e-07;279098.44;311343.31;24;0.0;0;0.213;186.452;2627.217;2627.218
Q18_74_seed_598894263;30763;Sort;7;Outer;;0;131527;131527;0;1.0;322526.4;322855.22;24;0.0;0;2871.383;2871.384;2750.304;2871.373;0.0;0.0;30764;Hash Join;8;Outer;;0;131527;483871;407734;6.666661317063824e-07;279098.44;311343.31;24;0.0;0;0.194;204.719;2637.14;2637.141
Q18_75_seed_607098294;30779;Sort;7;Outer;;0;131527;131527;0;1.0;322526.4;322855.22;24;0.0;0;2855.794;2855.795;2743.394;2855.782;0.0;0.0;30780;Hash Join;8;Outer;;0;131527;483871;407734;6.666661317063824e-07;279098.44;311343.31;24;0.0;0;0.24;206.077;2620.692;2620.693
Q18_76_seed_615302325;30795;Sort;7;Outer;;0;131527;131527;0;1.0;322526.4;322855.22;24;0.0;0;2857.639;2857.64;2720.851;2857.629;0.0;0.0;30796;Hash Join;8;Outer;;0;131527;483871;407734;6.666661317063824e-07;279098.44;311343.31;24;0.0;0;0.248;195.303;2632.751;2632.752
Q18_77_seed_623506356;30811;Sort;7;Outer;;0;131527;131527;0;1.0;322526.4;322855.22;24;0.0;0;2845.188;2845.19;2750.573;2845.178;0.0;0.0;30812;Hash Join;8;Outer;;0;131527;483871;407734;6.666661317063824e-07;279098.44;311343.31;24;0.0;0;0.199;198.948;2614.453;2614.453
Q18_78_seed_631710387;30827;Sort;7;Outer;;0;131527;131527;0;1.0;322526.4;322855.22;24;0.0;0;2845.094;2845.095;2733.369;2845.079;0.0;0.0;30828;Hash Join;8;Outer;;0;131527;483871;407734;6.666661317063824e-07;279098.44;311343.31;24;0.0;0;0.275;191.218;2623.961;2623.961
Q18_79_seed_639914418;30843;Sort;7;Outer;;0;131527;131527;0;1.0;322526.4;322855.22;24;0.0;0;2833.687;2833.689;2699.045;2833.679;0.0;0.0;30844;Hash Join;8;Outer;;0;131527;483871;407734;6.666661317063824e-07;279098.44;311343.31;24;0.0;0;0.221;196.391;2609.548;2609.549
Q18_7_seed_49224186;30859;Sort;7;Outer;;0;131527;131527;0;1.0;322526.4;322855.22;24;0.0;0;2842.327;2842.33;2690.385;2842.318;0.0;0.0;30860;Hash Join;8;Outer;;0;131527;483871;407734;6.666661317063824e-07;279098.44;311343.31;24;0.0;0;0.214;197.945;2614.135;2614.135
Q18_80_seed_648118449;30875;Sort;7;Outer;;0;131527;131527;0;1.0;322526.4;322855.22;24;0.0;0;2875.095;2875.096;2757.887;2875.086;0.0;0.0;30876;Hash Join;8;Outer;;0;131527;483871;407734;6.666661317063824e-07;279098.44;311343.31;24;0.0;0;0.225;201.922;2643.055;2643.056
Q18_81_seed_656322480;30891;Sort;7;Outer;;0;131527;131527;0;1.0;322526.4;322855.22;24;0.0;0;2849.444;2849.445;2734.845;2849.437;0.0;0.0;30892;Hash Join;8;Outer;;0;131527;483871;407734;6.666661317063824e-07;279098.44;311343.31;24;0.0;0;0.206;198.941;2621.162;2621.162
Q18_82_seed_664526511;30907;Sort;7;Outer;;0;131527;131527;0;1.0;322526.4;322855.22;24;0.0;0;2870.172;2870.174;2757.599;2870.161;0.0;0.0;30908;Hash Join;8;Outer;;0;131527;483871;407734;6.666661317063824e-07;279098.44;311343.31;24;0.0;0;0.214;199.616;2638.986;2638.986
Q18_83_seed_672730542;30923;Sort;7;Outer;;0;131527;131527;0;1.0;322526.4;322855.22;24;0.0;0;2854.947;2854.948;2715.517;2854.936;0.0;0.0;30924;Hash Join;8;Outer;;0;131527;483871;407734;6.666661317063824e-07;279098.44;311343.31;24;0.0;0;0.217;200.102;2625.069;2625.07
Q18_84_seed_680934573;30939;Sort;7;Outer;;0;131527;131527;0;1.0;322526.4;322855.22;24;0.0;0;2848.049;2848.05;2730.632;2848.04;0.0;0.0;30940;Hash Join;8;Outer;;0;131527;483871;407734;6.666661317063824e-07;279098.44;311343.31;24;0.0;0;0.225;194.445;2622.881;2622.881
Q18_85_seed_689138604;30955;Sort;7;Outer;;0;131527;131527;0;1.0;322526.4;322855.22;24;0.0;0;2870.836;2870.837;2761.011;2870.825;0.0;0.0;30956;Hash Join;8;Outer;;0;131527;483871;407734;6.666661317063824e-07;279098.44;311343.31;24;0.0;0;0.223;192.077;2648.427;2648.428
Q18_86_seed_697342635;30971;Sort;7;Outer;;0;131527;131527;0;1.0;322526.4;322855.22;24;0.0;0;2841.223;2841.225;2723.658;2841.213;0.0;0.0;30972;Hash Join;8;Outer;;0;131527;483871;407734;6.666661317063824e-07;279098.44;311343.31;24;0.0;0;0.241;189.687;2620.8;2620.801
Q18_87_seed_705546666;30987;Sort;7;Outer;;0;131527;131527;0;1.0;322526.4;322855.22;24;0.0;0;2848.273;2848.275;2722.713;2848.263;0.0;0.0;30988;Hash Join;8;Outer;;0;131527;483871;407734;6.666661317063824e-07;279098.44;311343.31;24;0.0;0;0.201;190.913;2628.068;2628.069
Q18_88_seed_713750697;31003;Sort;7;Outer;;0;131527;131527;0;1.0;322526.4;322855.22;24;0.0;0;2826.14;2826.141;2711.132;2826.098;0.0;0.0;31004;Hash Join;8;Outer;;0;131527;483871;407734;6.666661317063824e-07;279098.44;311343.31;24;0.0;0;0.204;189.151;2607.851;2607.851
Q18_89_seed_721954728;31019;Sort;7;Outer;;0;131527;131527;0;1.0;322526.4;322855.22;24;0.0;0;2873.599;2873.6;2763.409;2873.588;0.0;0.0;31020;Hash Join;8;Outer;;0;131527;483871;407734;6.666661317063824e-07;279098.44;311343.31;24;0.0;0;0.275;190.977;2652.071;2652.072
Q18_8_seed_57428217;31035;Sort;7;Outer;;0;131527;131527;0;1.0;322526.4;322855.22;24;0.0;0;2835.32;2835.321;2697.158;2835.31;0.0;0.0;31036;Hash Join;8;Outer;;0;131527;483871;407734;6.666661317063824e-07;279098.44;311343.31;24;0.0;0;0.207;192.262;2612.609;2612.609
Q18_90_seed_730158759;31051;Sort;7;Outer;;0;131527;131527;0;1.0;322526.4;322855.22;24;0.0;0;2839.372;2839.374;2695.365;2839.363;0.0;0.0;31052;Hash Join;8;Outer;;0;131527;483871;407734;6.666661317063824e-07;279098.44;311343.31;24;0.0;0;0.222;193.944;2615.358;2615.359
Q18_91_seed_738362790;31067;Sort;7;Outer;;0;131527;131527;0;1.0;322526.4;322855.22;24;0.0;0;2856.114;2856.115;2725.604;2856.105;0.0;0.0;31068;Hash Join;8;Outer;;0;131527;483871;407734;6.666661317063824e-07;279098.44;311343.31;24;0.0;0;0.214;197.797;2630.322;2630.322
Q18_92_seed_746566821;31083;Sort;7;Outer;;0;131527;131527;0;1.0;322526.4;322855.22;24;0.0;0;2849.353;2849.355;2706.495;2849.345;0.0;0.0;31084;Hash Join;8;Outer;;0;131527;483871;407734;6.666661317063824e-07;279098.44;311343.31;24;0.0;0;0.229;200.587;2620.727;2620.727
Q18_93_seed_754770852;31099;Sort;7;Outer;;0;131527;131527;0;1.0;322526.4;322855.22;24;0.0;0;2825.246;2825.248;2700.447;2825.235;0.0;0.0;31100;Hash Join;8;Outer;;0;131527;483871;407734;6.666661317063824e-07;279098.44;311343.31;24;0.0;0;0.224;182.139;2612.299;2612.299
Q18_94_seed_762974883;31115;Sort;7;Outer;;0;131527;131527;0;1.0;322526.4;322855.22;24;0.0;0;2890.964;2890.965;2751.134;2890.955;0.0;0.0;31116;Hash Join;8;Outer;;0;131527;483871;407734;6.666661317063824e-07;279098.44;311343.31;24;0.0;0;0.224;187.542;2675.146;2675.147
Q18_95_seed_771178914;31131;Sort;7;Outer;;0;131527;131527;0;1.0;322526.4;322855.22;24;0.0;0;2880.625;2880.626;2752.706;2880.618;0.0;0.0;31132;Hash Join;8;Outer;;0;131527;483871;407734;6.666661317063824e-07;279098.44;311343.31;24;0.0;0;0.618;191.856;2659.845;2659.846
Q18_96_seed_779382945;31147;Sort;7;Outer;;0;131527;131527;0;1.0;322526.4;322855.22;24;0.0;0;2854.443;2854.444;2719.474;2854.435;0.0;0.0;31148;Hash Join;8;Outer;;0;131527;483871;407734;6.666661317063824e-07;279098.44;311343.31;24;0.0;0;0.224;188.305;2637.41;2637.41
Q18_97_seed_787586976;31163;Sort;7;Outer;;0;131527;131527;0;1.0;322526.4;322855.22;24;0.0;0;2855.376;2855.378;2708.57;2855.366;0.0;0.0;31164;Hash Join;8;Outer;;0;131527;483871;407734;6.666661317063824e-07;279098.44;311343.31;24;0.0;0;0.214;201.713;2623.76;2623.76
Q18_98_seed_795791007;31179;Sort;7;Outer;;0;131527;131527;0;1.0;322526.4;322855.22;24;0.0;0;2857.799;2857.8;2753.598;2857.788;0.0;0.0;31180;Hash Join;8;Outer;;0;131527;483871;407734;6.666661317063824e-07;279098.44;311343.31;24;0.0;0;0.226;191.149;2637.913;2637.914
Q18_99_seed_803995038;31195;Sort;7;Outer;;0;131527;131527;0;1.0;322526.4;322855.22;24;0.0;0;2827.269;2827.271;2715.492;2827.26;0.0;0.0;31196;Hash Join;8;Outer;;0;131527;483871;407734;6.666661317063824e-07;279098.44;311343.31;24;0.0;0;0.281;193.865;2603.543;2603.543
Q18_9_seed_65632248;31211;Sort;7;Outer;;0;131527;131527;0;1.0;322526.4;322855.22;24;0.0;0;2843.983;2843.984;2721.13;2843.974;0.0;0.0;31212;Hash Join;8;Outer;;0;131527;483871;407734;6.666661317063824e-07;279098.44;311343.31;24;0.0;0;0.207;194.278;2619.312;2619.312
