query_file;HashJoin_node_id;HashJoin_node_type;HashJoin_depth;HashJoin_parent_relationship;HashJoin_subplan_name;HashJoin_np;HashJoin_nt;HashJoin_nt1;HashJoin_nt2;HashJoin_sel;HashJoin_startup_cost;HashJoin_total_cost;HashJoin_plan_width;HashJoin_reltuples;HashJoin_parallel_workers;actual_startup_time;actual_total_time;SeqScan_Outer_node_id;SeqScan_Outer_node_type;SeqScan_Outer_depth;SeqScan_Outer_parent_relationship;SeqScan_Outer_subplan_name;SeqScan_Outer_np;SeqScan_Outer_nt;SeqScan_Outer_nt1;SeqScan_Outer_nt2;SeqScan_Outer_sel;SeqScan_Outer_startup_cost;SeqScan_Outer_total_cost;SeqScan_Outer_plan_width;SeqScan_Outer_reltuples;SeqScan_Outer_parallel_workers;SeqScan_Outer_st1;SeqScan_Outer_rt1;SeqScan_Outer_st2;SeqScan_Outer_rt2;Hash_Inner_node_id;Hash_Inner_node_type;Hash_Inner_depth;Hash_Inner_parent_relationship;Hash_Inner_subplan_name;Hash_Inner_np;Hash_Inner_nt;Hash_Inner_nt1;Hash_Inner_nt2;Hash_Inner_sel;Hash_Inner_startup_cost;Hash_Inner_total_cost;Hash_Inner_plan_width;Hash_Inner_reltuples;Hash_Inner_parallel_workers;HashJoin_Outer_node_id;HashJoin_Outer_node_type;HashJoin_Outer_depth;HashJoin_Outer_parent_relationship;HashJoin_Outer_subplan_name;HashJoin_Outer_np;HashJoin_Outer_nt;HashJoin_Outer_nt1;HashJoin_Outer_nt2;HashJoin_Outer_sel;HashJoin_Outer_startup_cost;HashJoin_Outer_total_cost;HashJoin_Outer_plan_width;HashJoin_Outer_reltuples;HashJoin_Outer_parallel_workers;HashJoin_Outer_st1;HashJoin_Outer_rt1;HashJoin_Outer_st2;HashJoin_Outer_rt2
Q5_101_seed_820403100;6928;Hash Join;7;Outer;;0;14756;73782;12500;1.5999566289881002e-05;4743.09;38475.32;116;0.0;0;34.708;213.732;6929;Seq Scan;8;Outer;;26136;73782;0;0;0.049188;0.0;33394.06;8;1500000.0;0;0.0;0.0;0.0;0.0;6930;Hash;8;Inner;;0;12500;12500;0;1.0;4586.84;4586.84;116;0.0;0;6931;Hash Join;9;Outer;;0;12500;62500;5;0.04;2.46;4586.84;116;0.0;0;0.579;30.88;0.073;0.073
Q5_101_seed_820403100;6931;Hash Join;9;Outer;;0;12500;62500;5;0.04;2.46;4586.84;116;0.0;0;0.661;32.456;6932;Seq Scan;10;Outer;;3600;62500;0;0;0.4166666666666667;0.0;4225.0;8;150000.0;0;0.0;0.0;0.0;0.0;6933;Hash;10;Inner;;0;5;5;0;1.0;2.4;2.4;108;0.0;0;6934;Hash Join;11;Outer;;0;5;25;1;0.2;1.07;2.4;108;0.0;0;0.009;0.009;0.055;0.056
Q5_102_seed_828607131;6948;Hash Join;7;Outer;;0;14612;73059;12500;1.6000219001081317e-05;4743.09;38472.01;116;0.0;0;36.486;215.197;6949;Seq Scan;8;Outer;;26136;73059;0;0;0.048706;0.0;33394.06;8;1500000.0;0;0.0;0.0;0.0;0.0;6950;Hash;8;Inner;;0;12500;12500;0;1.0;4586.84;4586.84;116;0.0;0;6951;Hash Join;9;Outer;;0;12500;62500;5;0.04;2.46;4586.84;116;0.0;0;0.099;33.154;0.087;0.088
Q5_102_seed_828607131;6951;Hash Join;9;Outer;;0;12500;62500;5;0.04;2.46;4586.84;116;0.0;0;0.196;34.612;6952;Seq Scan;10;Outer;;3600;62500;0;0;0.4166666666666667;0.0;4225.0;8;150000.0;0;0.0;0.0;0.0;0.0;6953;Hash;10;Inner;;0;5;5;0;1.0;2.4;2.4;108;0.0;0;6954;Hash Join;11;Outer;;0;5;25;1;0.2;1.07;2.4;108;0.0;0;0.009;0.009;0.068;0.068
Q5_103_seed_836811162;6968;Hash Join;7;Outer;;0;14756;73782;12500;1.5999566289881002e-05;4743.09;38475.32;116;0.0;0;38.188;221.91;6969;Seq Scan;8;Outer;;26136;73782;0;0;0.049188;0.0;33394.06;8;1500000.0;0;0.0;0.0;0.0;0.0;6970;Hash;8;Inner;;0;12500;12500;0;1.0;4586.84;4586.84;116;0.0;0;6971;Hash Join;9;Outer;;0;12500;62500;5;0.04;2.46;4586.84;116;0.0;0;0.154;35.509;0.18;0.181
Q5_103_seed_836811162;6971;Hash Join;9;Outer;;0;12500;62500;5;0.04;2.46;4586.84;116;0.0;0;0.346;37.049;6972;Seq Scan;10;Outer;;3600;62500;0;0;0.4166666666666667;0.0;4225.0;8;150000.0;0;0.0;0.0;0.0;0.0;6973;Hash;10;Inner;;0;5;5;0;1.0;2.4;2.4;108;0.0;0;6974;Hash Join;11;Outer;;0;5;25;1;0.2;1.07;2.4;108;0.0;0;0.021;0.022;0.146;0.146
Q5_104_seed_845015193;6988;Hash Join;7;Outer;;0;14612;73059;12500;1.6000219001081317e-05;4743.09;38472.01;116;0.0;0;37.733;216.462;6989;Seq Scan;8;Outer;;26136;73059;0;0;0.048706;0.0;33394.06;8;1500000.0;0;0.0;0.0;0.0;0.0;6990;Hash;8;Inner;;0;12500;12500;0;1.0;4586.84;4586.84;116;0.0;0;6991;Hash Join;9;Outer;;0;12500;62500;5;0.04;2.46;4586.84;116;0.0;0;0.165;33.918;0.176;0.177
Q5_104_seed_845015193;6991;Hash Join;9;Outer;;0;12500;62500;5;0.04;2.46;4586.84;116;0.0;0;0.351;35.454;6992;Seq Scan;10;Outer;;3600;62500;0;0;0.4166666666666667;0.0;4225.0;8;150000.0;0;0.0;0.0;0.0;0.0;6993;Hash;10;Inner;;0;5;5;0;1.0;2.4;2.4;108;0.0;0;6994;Hash Join;11;Outer;;0;5;25;1;0.2;1.07;2.4;108;0.0;0;0.014;0.014;0.152;0.152
Q5_105_seed_853219224;7008;Hash Join;7;Outer;;0;14756;73782;12500;1.5999566289881002e-05;4743.09;38475.32;116;0.0;0;34.867;217.049;7009;Seq Scan;8;Outer;;26136;73782;0;0;0.049188;0.0;33394.06;8;1500000.0;0;0.0;0.0;0.0;0.0;7010;Hash;8;Inner;;0;12500;12500;0;1.0;4586.84;4586.84;116;0.0;0;7011;Hash Join;9;Outer;;0;12500;62500;5;0.04;2.46;4586.84;116;0.0;0;0.521;31.324;0.071;0.072
Q5_105_seed_853219224;7011;Hash Join;9;Outer;;0;12500;62500;5;0.04;2.46;4586.84;116;0.0;0;0.605;32.787;7012;Seq Scan;10;Outer;;3600;62500;0;0;0.4166666666666667;0.0;4225.0;8;150000.0;0;0.0;0.0;0.0;0.0;7013;Hash;10;Inner;;0;5;5;0;1.0;2.4;2.4;108;0.0;0;7014;Hash Join;11;Outer;;0;5;25;1;0.2;1.07;2.4;108;0.0;0;0.01;0.01;0.049;0.049
Q5_106_seed_861423255;7028;Hash Join;7;Outer;;0;14612;73059;12500;1.6000219001081317e-05;4743.09;38472.01;116;0.0;0;35.222;217.828;7029;Seq Scan;8;Outer;;26136;73059;0;0;0.048706;0.0;33394.06;8;1500000.0;0;0.0;0.0;0.0;0.0;7030;Hash;8;Inner;;0;12500;12500;0;1.0;4586.84;4586.84;116;0.0;0;7031;Hash Join;9;Outer;;0;12500;62500;5;0.04;2.46;4586.84;116;0.0;0;0.32;32.71;0.074;0.075
Q5_106_seed_861423255;7031;Hash Join;9;Outer;;0;12500;62500;5;0.04;2.46;4586.84;116;0.0;0;0.405;34.151;7032;Seq Scan;10;Outer;;3600;62500;0;0;0.4166666666666667;0.0;4225.0;8;150000.0;0;0.0;0.0;0.0;0.0;7033;Hash;10;Inner;;0;5;5;0;1.0;2.4;2.4;108;0.0;0;7034;Hash Join;11;Outer;;0;5;25;1;0.2;1.07;2.4;108;0.0;0;0.007;0.007;0.056;0.057
Q5_107_seed_869627286;7048;Hash Join;7;Outer;;0;14756;73782;12500;1.5999566289881002e-05;4743.09;38475.32;116;0.0;0;31.985;208.146;7049;Seq Scan;8;Outer;;26136;73782;0;0;0.049188;0.0;33394.06;8;1500000.0;0;0.0;0.0;0.0;0.0;7050;Hash;8;Inner;;0;12500;12500;0;1.0;4586.84;4586.84;116;0.0;0;7051;Hash Join;9;Outer;;0;12500;62500;5;0.04;2.46;4586.84;116;0.0;0;0.543;29.184;0.105;0.105
Q5_107_seed_869627286;7051;Hash Join;9;Outer;;0;12500;62500;5;0.04;2.46;4586.84;116;0.0;0;0.657;30.621;7052;Seq Scan;10;Outer;;3600;62500;0;0;0.4166666666666667;0.0;4225.0;8;150000.0;0;0.0;0.0;0.0;0.0;7053;Hash;10;Inner;;0;5;5;0;1.0;2.4;2.4;108;0.0;0;7054;Hash Join;11;Outer;;0;5;25;1;0.2;1.07;2.4;108;0.0;0;0.008;0.008;0.087;0.087
Q5_109_seed_886035348;7088;Hash Join;7;Outer;;0;14756;73782;12500;1.5999566289881002e-05;4743.09;38475.32;116;0.0;0;39.256;218.195;7089;Seq Scan;8;Outer;;26136;73782;0;0;0.049188;0.0;33394.06;8;1500000.0;0;0.0;0.0;0.0;0.0;7090;Hash;8;Inner;;0;12500;12500;0;1.0;4586.84;4586.84;116;0.0;0;7091;Hash Join;9;Outer;;0;12500;62500;5;0.04;2.46;4586.84;116;0.0;0;0.276;35.501;0.078;0.081
Q5_109_seed_886035348;7091;Hash Join;9;Outer;;0;12500;62500;5;0.04;2.46;4586.84;116;0.0;0;0.363;36.915;7092;Seq Scan;10;Outer;;3600;62500;0;0;0.4166666666666667;0.0;4225.0;8;150000.0;0;0.0;0.0;0.0;0.0;7093;Hash;10;Inner;;0;5;5;0;1.0;2.4;2.4;108;0.0;0;7094;Hash Join;11;Outer;;0;5;25;1;0.2;1.07;2.4;108;0.0;0;0.006;0.007;0.062;0.064
Q5_10_seed_73836279;7108;Hash Join;7;Outer;;0;14612;73059;12500;1.6000219001081317e-05;4743.09;38472.01;116;0.0;0;36.041;214.399;7109;Seq Scan;8;Outer;;26136;73059;0;0;0.048706;0.0;33394.06;8;1500000.0;0;0.0;0.0;0.0;0.0;7110;Hash;8;Inner;;0;12500;12500;0;1.0;4586.84;4586.84;116;0.0;0;7111;Hash Join;9;Outer;;0;12500;62500;5;0.04;2.46;4586.84;116;0.0;0;0.613;31.578;0.075;0.075
Q5_10_seed_73836279;7111;Hash Join;9;Outer;;0;12500;62500;5;0.04;2.46;4586.84;116;0.0;0;0.701;33.068;7112;Seq Scan;10;Outer;;3600;62500;0;0;0.4166666666666667;0.0;4225.0;8;150000.0;0;0.0;0.0;0.0;0.0;7113;Hash;10;Inner;;0;5;5;0;1.0;2.4;2.4;108;0.0;0;7114;Hash Join;11;Outer;;0;5;25;1;0.2;1.07;2.4;108;0.0;0;0.008;0.008;0.056;0.056
Q5_110_seed_894239379;7128;Hash Join;7;Outer;;0;14646;73231;12500;1.599978151329355e-05;4743.09;38472.8;116;0.0;0;31.629;212.209;7129;Seq Scan;8;Outer;;26136;73231;0;0;0.0488206666666666;0.0;33394.06;8;1500000.0;0;0.0;0.0;0.0;0.0;7130;Hash;8;Inner;;0;12500;12500;0;1.0;4586.84;4586.84;116;0.0;0;7131;Hash Join;9;Outer;;0;12500;62500;5;0.04;2.46;4586.84;116;0.0;0;0.01;29.19;0.073;0.074
Q5_110_seed_894239379;7131;Hash Join;9;Outer;;0;12500;62500;5;0.04;2.46;4586.84;116;0.0;0;0.093;30.618;7132;Seq Scan;10;Outer;;3600;62500;0;0;0.4166666666666667;0.0;4225.0;8;150000.0;0;0.0;0.0;0.0;0.0;7133;Hash;10;Inner;;0;5;5;0;1.0;2.4;2.4;108;0.0;0;7134;Hash Join;11;Outer;;0;5;25;1;0.2;1.07;2.4;108;0.0;0;0.008;0.008;0.056;0.056
Q5_111_seed_902443410;7148;Hash Join;7;Outer;;0;14756;73782;12500;1.5999566289881002e-05;4743.09;38475.32;116;0.0;0;32.274;219.833;7149;Seq Scan;8;Outer;;26136;73782;0;0;0.049188;0.0;33394.06;8;1500000.0;0;0.0;0.0;0.0;0.0;7150;Hash;8;Inner;;0;12500;12500;0;1.0;4586.84;4586.84;116;0.0;0;7151;Hash Join;9;Outer;;0;12500;62500;5;0.04;2.46;4586.84;116;0.0;0;0.131;29.069;0.272;0.273
Q5_111_seed_902443410;7151;Hash Join;9;Outer;;0;12500;62500;5;0.04;2.46;4586.84;116;0.0;0;0.417;30.704;7152;Seq Scan;10;Outer;;3600;62500;0;0;0.4166666666666667;0.0;4225.0;8;150000.0;0;0.0;0.0;0.0;0.0;7153;Hash;10;Inner;;0;5;5;0;1.0;2.4;2.4;108;0.0;0;7154;Hash Join;11;Outer;;0;5;25;1;0.2;1.07;2.4;108;0.0;0;0.012;0.013;0.244;0.244
Q5_112_seed_910647441;7168;Hash Join;7;Outer;;0;14646;73231;12500;1.599978151329355e-05;4743.09;38472.8;116;0.0;0;33.241;213.399;7169;Seq Scan;8;Outer;;26136;73231;0;0;0.0488206666666666;0.0;33394.06;8;1500000.0;0;0.0;0.0;0.0;0.0;7170;Hash;8;Inner;;0;12500;12500;0;1.0;4586.84;4586.84;116;0.0;0;7171;Hash Join;9;Outer;;0;12500;62500;5;0.04;2.46;4586.84;116;0.0;0;0.01;28.378;0.074;0.075
Q5_112_seed_910647441;7171;Hash Join;9;Outer;;0;12500;62500;5;0.04;2.46;4586.84;116;0.0;0;0.095;29.839;7172;Seq Scan;10;Outer;;3600;62500;0;0;0.4166666666666667;0.0;4225.0;8;150000.0;0;0.0;0.0;0.0;0.0;7173;Hash;10;Inner;;0;5;5;0;1.0;2.4;2.4;108;0.0;0;7174;Hash Join;11;Outer;;0;5;25;1;0.2;1.07;2.4;108;0.0;0;0.008;0.008;0.055;0.055
Q5_114_seed_927055503;7208;Hash Join;7;Outer;;0;14646;73231;12500;1.599978151329355e-05;4743.09;38472.8;116;0.0;0;33.304;213.476;7209;Seq Scan;8;Outer;;26136;73231;0;0;0.0488206666666666;0.0;33394.06;8;1500000.0;0;0.0;0.0;0.0;0.0;7210;Hash;8;Inner;;0;12500;12500;0;1.0;4586.84;4586.84;116;0.0;0;7211;Hash Join;9;Outer;;0;12500;62500;5;0.04;2.46;4586.84;116;0.0;0;0.155;29.985;0.155;0.156
Q5_114_seed_927055503;7211;Hash Join;9;Outer;;0;12500;62500;5;0.04;2.46;4586.84;116;0.0;0;0.321;31.507;7212;Seq Scan;10;Outer;;3600;62500;0;0;0.4166666666666667;0.0;4225.0;8;150000.0;0;0.0;0.0;0.0;0.0;7213;Hash;10;Inner;;0;5;5;0;1.0;2.4;2.4;108;0.0;0;7214;Hash Join;11;Outer;;0;5;25;1;0.2;1.07;2.4;108;0.0;0;0.099;0.1;0.046;0.046
Q5_115_seed_935259534;7228;Hash Join;7;Outer;;0;14756;73782;12500;1.5999566289881002e-05;4743.09;38475.32;116;0.0;0;32.835;211.763;7229;Seq Scan;8;Outer;;26136;73782;0;0;0.049188;0.0;33394.06;8;1500000.0;0;0.0;0.0;0.0;0.0;7230;Hash;8;Inner;;0;12500;12500;0;1.0;4586.84;4586.84;116;0.0;0;7231;Hash Join;9;Outer;;0;12500;62500;5;0.04;2.46;4586.84;116;0.0;0;0.01;30.141;0.154;0.155
Q5_115_seed_935259534;7231;Hash Join;9;Outer;;0;12500;62500;5;0.04;2.46;4586.84;116;0.0;0;0.174;31.808;7232;Seq Scan;10;Outer;;3600;62500;0;0;0.4166666666666667;0.0;4225.0;8;150000.0;0;0.0;0.0;0.0;0.0;7233;Hash;10;Inner;;0;5;5;0;1.0;2.4;2.4;108;0.0;0;7234;Hash Join;11;Outer;;0;5;25;1;0.2;1.07;2.4;108;0.0;0;0.008;0.009;0.136;0.136
Q5_116_seed_943463565;7248;Hash Join;7;Outer;;0;14646;73231;12500;1.599978151329355e-05;4743.09;38472.8;116;0.0;0;36.262;216.949;7249;Seq Scan;8;Outer;;26136;73231;0;0;0.0488206666666666;0.0;33394.06;8;1500000.0;0;0.0;0.0;0.0;0.0;7250;Hash;8;Inner;;0;12500;12500;0;1.0;4586.84;4586.84;116;0.0;0;7251;Hash Join;9;Outer;;0;12500;62500;5;0.04;2.46;4586.84;116;0.0;0;0.045;33.09;0.192;0.193
Q5_116_seed_943463565;7251;Hash Join;9;Outer;;0;12500;62500;5;0.04;2.46;4586.84;116;0.0;0;0.248;34.666;7252;Seq Scan;10;Outer;;3600;62500;0;0;0.4166666666666667;0.0;4225.0;8;150000.0;0;0.0;0.0;0.0;0.0;7253;Hash;10;Inner;;0;5;5;0;1.0;2.4;2.4;108;0.0;0;7254;Hash Join;11;Outer;;0;5;25;1;0.2;1.07;2.4;108;0.0;0;0.008;0.009;0.174;0.174
Q5_117_seed_951667596;7268;Hash Join;7;Outer;;0;14756;73782;12500;1.5999566289881002e-05;4743.09;38475.32;116;0.0;0;38.187;216.371;7269;Seq Scan;8;Outer;;26136;73782;0;0;0.049188;0.0;33394.06;8;1500000.0;0;0.0;0.0;0.0;0.0;7270;Hash;8;Inner;;0;12500;12500;0;1.0;4586.84;4586.84;116;0.0;0;7271;Hash Join;9;Outer;;0;12500;62500;5;0.04;2.46;4586.84;116;0.0;0;0.087;35.113;0.429;0.429
Q5_117_seed_951667596;7271;Hash Join;9;Outer;;0;12500;62500;5;0.04;2.46;4586.84;116;0.0;0;0.529;37.127;7272;Seq Scan;10;Outer;;3600;62500;0;0;0.4166666666666667;0.0;4225.0;8;150000.0;0;0.0;0.0;0.0;0.0;7273;Hash;10;Inner;;0;5;5;0;1.0;2.4;2.4;108;0.0;0;7274;Hash Join;11;Outer;;0;5;25;1;0.2;1.07;2.4;108;0.0;0;0.008;0.009;0.41;0.41
Q5_118_seed_959871627;7288;Hash Join;7;Outer;;0;14646;73231;12500;1.599978151329355e-05;4743.09;38472.8;116;0.0;0;35.334;215.003;7289;Seq Scan;8;Outer;;26136;73231;0;0;0.0488206666666666;0.0;33394.06;8;1500000.0;0;0.0;0.0;0.0;0.0;7290;Hash;8;Inner;;0;12500;12500;0;1.0;4586.84;4586.84;116;0.0;0;7291;Hash Join;9;Outer;;0;12500;62500;5;0.04;2.46;4586.84;116;0.0;0;0.282;32.787;0.059;0.06
Q5_118_seed_959871627;7291;Hash Join;9;Outer;;0;12500;62500;5;0.04;2.46;4586.84;116;0.0;0;0.353;34.334;7292;Seq Scan;10;Outer;;3600;62500;0;0;0.4166666666666667;0.0;4225.0;8;150000.0;0;0.0;0.0;0.0;0.0;7293;Hash;10;Inner;;0;5;5;0;1.0;2.4;2.4;108;0.0;0;7294;Hash Join;11;Outer;;0;5;25;1;0.2;1.07;2.4;108;0.0;0;0.008;0.009;0.041;0.041
Q5_119_seed_968075658;7308;Hash Join;7;Outer;;0;14884;74418;12500;1.600043000349378e-05;4743.09;38478.24;116;0.0;0;37.831;219.165;7309;Seq Scan;8;Outer;;26136;74418;0;0;0.049612;0.0;33394.06;8;1500000.0;0;0.0;0.0;0.0;0.0;7310;Hash;8;Inner;;0;12500;12500;0;1.0;4586.84;4586.84;116;0.0;0;7311;Hash Join;9;Outer;;0;12500;62500;5;0.04;2.46;4586.84;116;0.0;0;0.878;33.857;0.276;0.277
Q5_119_seed_968075658;7311;Hash Join;9;Outer;;0;12500;62500;5;0.04;2.46;4586.84;116;0.0;0;1.163;36.151;7312;Seq Scan;10;Outer;;3600;62500;0;0;0.4166666666666667;0.0;4225.0;8;150000.0;0;0.0;0.0;0.0;0.0;7313;Hash;10;Inner;;0;5;5;0;1.0;2.4;2.4;108;0.0;0;7314;Hash Join;11;Outer;;0;5;25;1;0.2;1.07;2.4;108;0.0;0;0.007;0.008;0.259;0.26
Q5_11_seed_82040310;7328;Hash Join;7;Outer;;0;14756;73782;12500;1.5999566289881002e-05;4743.09;38475.32;116;0.0;0;39.461;218.737;7329;Seq Scan;8;Outer;;26136;73782;0;0;0.049188;0.0;33394.06;8;1500000.0;0;0.0;0.0;0.0;0.0;7330;Hash;8;Inner;;0;12500;12500;0;1.0;4586.84;4586.84;116;0.0;0;7331;Hash Join;9;Outer;;0;12500;62500;5;0.04;2.46;4586.84;116;0.0;0;0.009;34.609;0.146;0.147
Q5_11_seed_82040310;7331;Hash Join;9;Outer;;0;12500;62500;5;0.04;2.46;4586.84;116;0.0;0;0.166;36.11;7332;Seq Scan;10;Outer;;3600;62500;0;0;0.4166666666666667;0.0;4225.0;8;150000.0;0;0.0;0.0;0.0;0.0;7333;Hash;10;Inner;;0;5;5;0;1.0;2.4;2.4;108;0.0;0;7334;Hash Join;11;Outer;;0;5;25;1;0.2;1.07;2.4;108;0.0;0;0.009;0.009;0.127;0.127
Q5_120_seed_976279689;7348;Hash Join;7;Outer;;0;14646;73231;12500;1.599978151329355e-05;4743.09;38472.8;116;0.0;0;34.742;218.787;7349;Seq Scan;8;Outer;;26136;73231;0;0;0.0488206666666666;0.0;33394.06;8;1500000.0;0;0.0;0.0;0.0;0.0;7350;Hash;8;Inner;;0;12500;12500;0;1.0;4586.84;4586.84;116;0.0;0;7351;Hash Join;9;Outer;;0;12500;62500;5;0.04;2.46;4586.84;116;0.0;0;0.155;32.144;0.072;0.073
Q5_120_seed_976279689;7351;Hash Join;9;Outer;;0;12500;62500;5;0.04;2.46;4586.84;116;0.0;0;0.236;33.578;7352;Seq Scan;10;Outer;;3600;62500;0;0;0.4166666666666667;0.0;4225.0;8;150000.0;0;0.0;0.0;0.0;0.0;7353;Hash;10;Inner;;0;5;5;0;1.0;2.4;2.4;108;0.0;0;7354;Hash Join;11;Outer;;0;5;25;1;0.2;1.07;2.4;108;0.0;0;0.007;0.008;0.056;0.057
Q5_121_seed_984483720;7368;Hash Join;7;Outer;;0;14884;74418;12500;1.600043000349378e-05;4743.09;38478.24;116;0.0;0;35.686;216.468;7369;Seq Scan;8;Outer;;26136;74418;0;0;0.049612;0.0;33394.06;8;1500000.0;0;0.0;0.0;0.0;0.0;7370;Hash;8;Inner;;0;12500;12500;0;1.0;4586.84;4586.84;116;0.0;0;7371;Hash Join;9;Outer;;0;12500;62500;5;0.04;2.46;4586.84;116;0.0;0;0.153;32.993;0.256;0.256
Q5_121_seed_984483720;7371;Hash Join;9;Outer;;0;12500;62500;5;0.04;2.46;4586.84;116;0.0;0;0.419;34.661;7372;Seq Scan;10;Outer;;3600;62500;0;0;0.4166666666666667;0.0;4225.0;8;150000.0;0;0.0;0.0;0.0;0.0;7373;Hash;10;Inner;;0;5;5;0;1.0;2.4;2.4;108;0.0;0;7374;Hash Join;11;Outer;;0;5;25;1;0.2;1.07;2.4;108;0.0;0;0.188;0.188;0.057;0.057
Q5_122_seed_992687751;7388;Hash Join;7;Outer;;0;14646;73231;12500;1.599978151329355e-05;4743.09;38472.8;116;0.0;0;34.968;216.861;7389;Seq Scan;8;Outer;;26136;73231;0;0;0.0488206666666666;0.0;33394.06;8;1500000.0;0;0.0;0.0;0.0;0.0;7390;Hash;8;Inner;;0;12500;12500;0;1.0;4586.84;4586.84;116;0.0;0;7391;Hash Join;9;Outer;;0;12500;62500;5;0.04;2.46;4586.84;116;0.0;0;0.411;30.53;0.076;0.076
Q5_122_seed_992687751;7391;Hash Join;9;Outer;;0;12500;62500;5;0.04;2.46;4586.84;116;0.0;0;0.497;31.937;7392;Seq Scan;10;Outer;;3600;62500;0;0;0.4166666666666667;0.0;4225.0;8;150000.0;0;0.0;0.0;0.0;0.0;7393;Hash;10;Inner;;0;5;5;0;1.0;2.4;2.4;108;0.0;0;7394;Hash Join;11;Outer;;0;5;25;1;0.2;1.07;2.4;108;0.0;0;0.009;0.01;0.056;0.056
Q5_123_seed_1000891782;7408;Hash Join;7;Outer;;0;14884;74418;12500;1.600043000349378e-05;4743.09;38478.24;116;0.0;0;34.456;212.871;7409;Seq Scan;8;Outer;;26136;74418;0;0;0.049612;0.0;33394.06;8;1500000.0;0;0.0;0.0;0.0;0.0;7410;Hash;8;Inner;;0;12500;12500;0;1.0;4586.84;4586.84;116;0.0;0;7411;Hash Join;9;Outer;;0;12500;62500;5;0.04;2.46;4586.84;116;0.0;0;0.201;32.062;0.077;0.077
Q5_123_seed_1000891782;7411;Hash Join;9;Outer;;0;12500;62500;5;0.04;2.46;4586.84;116;0.0;0;0.288;33.487;7412;Seq Scan;10;Outer;;3600;62500;0;0;0.4166666666666667;0.0;4225.0;8;150000.0;0;0.0;0.0;0.0;0.0;7413;Hash;10;Inner;;0;5;5;0;1.0;2.4;2.4;108;0.0;0;7414;Hash Join;11;Outer;;0;5;25;1;0.2;1.07;2.4;108;0.0;0;0.01;0.011;0.057;0.057
Q5_124_seed_1009095813;7428;Hash Join;7;Outer;;0;14646;73231;12500;1.599978151329355e-05;4743.09;38472.8;116;0.0;0;31.909;209.594;7429;Seq Scan;8;Outer;;26136;73231;0;0;0.0488206666666666;0.0;33394.06;8;1500000.0;0;0.0;0.0;0.0;0.0;7430;Hash;8;Inner;;0;12500;12500;0;1.0;4586.84;4586.84;116;0.0;0;7431;Hash Join;9;Outer;;0;12500;62500;5;0.04;2.46;4586.84;116;0.0;0;0.555;29.258;0.154;0.154
Q5_124_seed_1009095813;7431;Hash Join;9;Outer;;0;12500;62500;5;0.04;2.46;4586.84;116;0.0;0;0.719;30.746;7432;Seq Scan;10;Outer;;3600;62500;0;0;0.4166666666666667;0.0;4225.0;8;150000.0;0;0.0;0.0;0.0;0.0;7433;Hash;10;Inner;;0;5;5;0;1.0;2.4;2.4;108;0.0;0;7434;Hash Join;11;Outer;;0;5;25;1;0.2;1.07;2.4;108;0.0;0;0.008;0.008;0.135;0.136
Q5_125_seed_1017299844;7448;Hash Join;7;Outer;;0;14884;74418;12500;1.600043000349378e-05;4743.09;38478.24;116;0.0;0;30.371;209.691;7449;Seq Scan;8;Outer;;26136;74418;0;0;0.049612;0.0;33394.06;8;1500000.0;0;0.0;0.0;0.0;0.0;7450;Hash;8;Inner;;0;12500;12500;0;1.0;4586.84;4586.84;116;0.0;0;7451;Hash Join;9;Outer;;0;12500;62500;5;0.04;2.46;4586.84;116;0.0;0;0.01;28.176;0.072;0.072
Q5_125_seed_1017299844;7451;Hash Join;9;Outer;;0;12500;62500;5;0.04;2.46;4586.84;116;0.0;0;0.092;29.541;7452;Seq Scan;10;Outer;;3600;62500;0;0;0.4166666666666667;0.0;4225.0;8;150000.0;0;0.0;0.0;0.0;0.0;7453;Hash;10;Inner;;0;5;5;0;1.0;2.4;2.4;108;0.0;0;7454;Hash Join;11;Outer;;0;5;25;1;0.2;1.07;2.4;108;0.0;0;0.007;0.008;0.053;0.053
Q5_128_seed_1041911937;7508;Hash Join;7;Outer;;0;14646;73231;12500;1.599978151329355e-05;4743.09;38472.8;116;0.0;0;37.851;216.951;7509;Seq Scan;8;Outer;;26136;73231;0;0;0.0488206666666666;0.0;33394.06;8;1500000.0;0;0.0;0.0;0.0;0.0;7510;Hash;8;Inner;;0;12500;12500;0;1.0;4586.84;4586.84;116;0.0;0;7511;Hash Join;9;Outer;;0;12500;62500;5;0.04;2.46;4586.84;116;0.0;0;1.109;35.278;0.184;0.185
Q5_128_seed_1041911937;7511;Hash Join;9;Outer;;0;12500;62500;5;0.04;2.46;4586.84;116;0.0;0;1.304;36.88;7512;Seq Scan;10;Outer;;3600;62500;0;0;0.4166666666666667;0.0;4225.0;8;150000.0;0;0.0;0.0;0.0;0.0;7513;Hash;10;Inner;;0;5;5;0;1.0;2.4;2.4;108;0.0;0;7514;Hash Join;11;Outer;;0;5;25;1;0.2;1.07;2.4;108;0.0;0;0.12;0.121;0.054;0.054
Q5_129_seed_1050115968;7528;Hash Join;7;Outer;;0;14884;74418;12500;1.600043000349378e-05;4743.09;38478.24;116;0.0;0;35.913;214.288;7529;Seq Scan;8;Outer;;26136;74418;0;0;0.049612;0.0;33394.06;8;1500000.0;0;0.0;0.0;0.0;0.0;7530;Hash;8;Inner;;0;12500;12500;0;1.0;4586.84;4586.84;116;0.0;0;7531;Hash Join;9;Outer;;0;12500;62500;5;0.04;2.46;4586.84;116;0.0;0;0.213;33.139;0.201;0.201
Q5_129_seed_1050115968;7531;Hash Join;9;Outer;;0;12500;62500;5;0.04;2.46;4586.84;116;0.0;0;0.424;34.68;7532;Seq Scan;10;Outer;;3600;62500;0;0;0.4166666666666667;0.0;4225.0;8;150000.0;0;0.0;0.0;0.0;0.0;7533;Hash;10;Inner;;0;5;5;0;1.0;2.4;2.4;108;0.0;0;7534;Hash Join;11;Outer;;0;5;25;1;0.2;1.07;2.4;108;0.0;0;0.021;0.022;0.167;0.168
Q5_131_seed_1066524030;7588;Hash Join;7;Outer;;0;14884;74418;12500;1.600043000349378e-05;4743.09;38478.24;116;0.0;0;35.065;216.997;7589;Seq Scan;8;Outer;;26136;74418;0;0;0.049612;0.0;33394.06;8;1500000.0;0;0.0;0.0;0.0;0.0;7590;Hash;8;Inner;;0;12500;12500;0;1.0;4586.84;4586.84;116;0.0;0;7591;Hash Join;9;Outer;;0;12500;62500;5;0.04;2.46;4586.84;116;0.0;0;0.143;31.192;0.146;0.147
Q5_131_seed_1066524030;7591;Hash Join;9;Outer;;0;12500;62500;5;0.04;2.46;4586.84;116;0.0;0;0.299;32.641;7592;Seq Scan;10;Outer;;3600;62500;0;0;0.4166666666666667;0.0;4225.0;8;150000.0;0;0.0;0.0;0.0;0.0;7593;Hash;10;Inner;;0;5;5;0;1.0;2.4;2.4;108;0.0;0;7594;Hash Join;11;Outer;;0;5;25;1;0.2;1.07;2.4;108;0.0;0;0.084;0.085;0.051;0.051
Q5_134_seed_1091136123;7648;Hash Join;7;Outer;;0;14685;73423;12500;1.600043583073424e-05;4743.09;38473.68;116;0.0;0;37.241;217.837;7649;Seq Scan;8;Outer;;26136;73423;0;0;0.0489486666666666;0.0;33394.06;8;1500000.0;0;0.0;0.0;0.0;0.0;7650;Hash;8;Inner;;0;12500;12500;0;1.0;4586.84;4586.84;116;0.0;0;7651;Hash Join;9;Outer;;0;12500;62500;5;0.04;2.46;4586.84;116;0.0;0;0.013;34.801;0.069;0.07
Q5_134_seed_1091136123;7651;Hash Join;9;Outer;;0;12500;62500;5;0.04;2.46;4586.84;116;0.0;0;0.092;36.2;7652;Seq Scan;10;Outer;;3600;62500;0;0;0.4166666666666667;0.0;4225.0;8;150000.0;0;0.0;0.0;0.0;0.0;7653;Hash;10;Inner;;0;5;5;0;1.0;2.4;2.4;108;0.0;0;7654;Hash Join;11;Outer;;0;5;25;1;0.2;1.07;2.4;108;0.0;0;0.009;0.01;0.05;0.05
Q5_135_seed_1099340154;7668;Hash Join;7;Outer;;0;14884;74418;12500;1.600043000349378e-05;4743.09;38478.24;116;0.0;0;33.117;210.019;7669;Seq Scan;8;Outer;;26136;74418;0;0;0.049612;0.0;33394.06;8;1500000.0;0;0.0;0.0;0.0;0.0;7670;Hash;8;Inner;;0;12500;12500;0;1.0;4586.84;4586.84;116;0.0;0;7671;Hash Join;9;Outer;;0;12500;62500;5;0.04;2.46;4586.84;116;0.0;0;0.376;30.753;0.073;0.073
Q5_135_seed_1099340154;7671;Hash Join;9;Outer;;0;12500;62500;5;0.04;2.46;4586.84;116;0.0;0;0.46;32.145;7672;Seq Scan;10;Outer;;3600;62500;0;0;0.4166666666666667;0.0;4225.0;8;150000.0;0;0.0;0.0;0.0;0.0;7673;Hash;10;Inner;;0;5;5;0;1.0;2.4;2.4;108;0.0;0;7674;Hash Join;11;Outer;;0;5;25;1;0.2;1.07;2.4;108;0.0;0;0.008;0.009;0.056;0.056
Q5_136_seed_1107544185;7688;Hash Join;7;Outer;;0;14685;73423;12500;1.600043583073424e-05;4743.09;38473.68;116;0.0;0;35.274;215.928;7689;Seq Scan;8;Outer;;26136;73423;0;0;0.0489486666666666;0.0;33394.06;8;1500000.0;0;0.0;0.0;0.0;0.0;7690;Hash;8;Inner;;0;12500;12500;0;1.0;4586.84;4586.84;116;0.0;0;7691;Hash Join;9;Outer;;0;12500;62500;5;0.04;2.46;4586.84;116;0.0;0;0.013;31.951;0.076;0.077
Q5_136_seed_1107544185;7691;Hash Join;9;Outer;;0;12500;62500;5;0.04;2.46;4586.84;116;0.0;0;0.098;33.339;7692;Seq Scan;10;Outer;;3600;62500;0;0;0.4166666666666667;0.0;4225.0;8;150000.0;0;0.0;0.0;0.0;0.0;7693;Hash;10;Inner;;0;5;5;0;1.0;2.4;2.4;108;0.0;0;7694;Hash Join;11;Outer;;0;5;25;1;0.2;1.07;2.4;108;0.0;0;0.008;0.009;0.058;0.059
Q5_137_seed_1115748216;7708;Hash Join;7;Outer;;0;14884;74418;12500;1.600043000349378e-05;4743.09;38478.24;116;0.0;0;36.044;216.518;7709;Seq Scan;8;Outer;;26136;74418;0;0;0.049612;0.0;33394.06;8;1500000.0;0;0.0;0.0;0.0;0.0;7710;Hash;8;Inner;;0;12500;12500;0;1.0;4586.84;4586.84;116;0.0;0;7711;Hash Join;9;Outer;;0;12500;62500;5;0.04;2.46;4586.84;116;0.0;0;1.301;33.333;0.077;0.078
Q5_137_seed_1115748216;7711;Hash Join;9;Outer;;0;12500;62500;5;0.04;2.46;4586.84;116;0.0;0;1.39;34.739;7712;Seq Scan;10;Outer;;3600;62500;0;0;0.4166666666666667;0.0;4225.0;8;150000.0;0;0.0;0.0;0.0;0.0;7713;Hash;10;Inner;;0;5;5;0;1.0;2.4;2.4;108;0.0;0;7714;Hash Join;11;Outer;;0;5;25;1;0.2;1.07;2.4;108;0.0;0;0.008;0.009;0.06;0.06
Q5_138_seed_1123952247;7728;Hash Join;7;Outer;;0;14685;73423;12500;1.600043583073424e-05;4743.09;38473.68;116;0.0;0;33.664;213.337;7729;Seq Scan;8;Outer;;26136;73423;0;0;0.0489486666666666;0.0;33394.06;8;1500000.0;0;0.0;0.0;0.0;0.0;7730;Hash;8;Inner;;0;12500;12500;0;1.0;4586.84;4586.84;116;0.0;0;7731;Hash Join;9;Outer;;0;12500;62500;5;0.04;2.46;4586.84;116;0.0;0;0.01;29.533;1.143;1.143
Q5_138_seed_1123952247;7731;Hash Join;9;Outer;;0;12500;62500;5;0.04;2.46;4586.84;116;0.0;0;1.162;32.036;7732;Seq Scan;10;Outer;;3600;62500;0;0;0.4166666666666667;0.0;4225.0;8;150000.0;0;0.0;0.0;0.0;0.0;7733;Hash;10;Inner;;0;5;5;0;1.0;2.4;2.4;108;0.0;0;7734;Hash Join;11;Outer;;0;5;25;1;0.2;1.07;2.4;108;0.0;0;0.006;0.007;1.126;1.126
Q5_139_seed_1132156278;7748;Hash Join;7;Outer;;0;14612;73059;12500;1.6000219001081317e-05;4743.09;38472.01;116;0.0;0;38.953;220.817;7749;Seq Scan;8;Outer;;26136;73059;0;0;0.048706;0.0;33394.06;8;1500000.0;0;0.0;0.0;0.0;0.0;7750;Hash;8;Inner;;0;12500;12500;0;1.0;4586.84;4586.84;116;0.0;0;7751;Hash Join;9;Outer;;0;12500;62500;5;0.04;2.46;4586.84;116;0.0;0;0.013;33.358;0.07;0.071
Q5_139_seed_1132156278;7751;Hash Join;9;Outer;;0;12500;62500;5;0.04;2.46;4586.84;116;0.0;0;0.092;34.771;7752;Seq Scan;10;Outer;;3600;62500;0;0;0.4166666666666667;0.0;4225.0;8;150000.0;0;0.0;0.0;0.0;0.0;7753;Hash;10;Inner;;0;5;5;0;1.0;2.4;2.4;108;0.0;0;7754;Hash Join;11;Outer;;0;5;25;1;0.2;1.07;2.4;108;0.0;0;0.009;0.01;0.054;0.054
Q5_13_seed_98448372;7768;Hash Join;7;Outer;;0;14756;73782;12500;1.5999566289881002e-05;4743.09;38475.32;116;0.0;0;29.429;206.675;7769;Seq Scan;8;Outer;;26136;73782;0;0;0.049188;0.0;33394.06;8;1500000.0;0;0.0;0.0;0.0;0.0;7770;Hash;8;Inner;;0;12500;12500;0;1.0;4586.84;4586.84;116;0.0;0;7771;Hash Join;9;Outer;;0;12500;62500;5;0.04;2.46;4586.84;116;0.0;0;0.131;26.614;0.063;0.064
Q5_13_seed_98448372;7771;Hash Join;9;Outer;;0;12500;62500;5;0.04;2.46;4586.84;116;0.0;0;0.203;28.083;7772;Seq Scan;10;Outer;;3600;62500;0;0;0.4166666666666667;0.0;4225.0;8;150000.0;0;0.0;0.0;0.0;0.0;7773;Hash;10;Inner;;0;5;5;0;1.0;2.4;2.4;108;0.0;0;7774;Hash Join;11;Outer;;0;5;25;1;0.2;1.07;2.4;108;0.0;0;0.008;0.008;0.044;0.045
Q5_142_seed_1156768371;7828;Hash Join;7;Outer;;0;14685;73423;12500;1.600043583073424e-05;4743.09;38473.68;116;0.0;0;39.434;219.0;7829;Seq Scan;8;Outer;;26136;73423;0;0;0.0489486666666666;0.0;33394.06;8;1500000.0;0;0.0;0.0;0.0;0.0;7830;Hash;8;Inner;;0;12500;12500;0;1.0;4586.84;4586.84;116;0.0;0;7831;Hash Join;9;Outer;;0;12500;62500;5;0.04;2.46;4586.84;116;0.0;0;0.121;34.808;0.323;0.324
Q5_142_seed_1156768371;7831;Hash Join;9;Outer;;0;12500;62500;5;0.04;2.46;4586.84;116;0.0;0;0.45;37.077;7832;Seq Scan;10;Outer;;3600;62500;0;0;0.4166666666666667;0.0;4225.0;8;150000.0;0;0.0;0.0;0.0;0.0;7833;Hash;10;Inner;;0;5;5;0;1.0;2.4;2.4;108;0.0;0;7834;Hash Join;11;Outer;;0;5;25;1;0.2;1.07;2.4;108;0.0;0;0.007;0.007;0.309;0.31
Q5_143_seed_1164972402;7848;Hash Join;7;Outer;;0;14612;73059;12500;1.6000219001081317e-05;4743.09;38472.01;116;0.0;0;37.928;215.281;7849;Seq Scan;8;Outer;;26136;73059;0;0;0.048706;0.0;33394.06;8;1500000.0;0;0.0;0.0;0.0;0.0;7850;Hash;8;Inner;;0;12500;12500;0;1.0;4586.84;4586.84;116;0.0;0;7851;Hash Join;9;Outer;;0;12500;62500;5;0.04;2.46;4586.84;116;0.0;0;0.126;34.46;0.077;0.078
Q5_143_seed_1164972402;7851;Hash Join;9;Outer;;0;12500;62500;5;0.04;2.46;4586.84;116;0.0;0;0.216;35.879;7852;Seq Scan;10;Outer;;3600;62500;0;0;0.4166666666666667;0.0;4225.0;8;150000.0;0;0.0;0.0;0.0;0.0;7853;Hash;10;Inner;;0;5;5;0;1.0;2.4;2.4;108;0.0;0;7854;Hash Join;11;Outer;;0;5;25;1;0.2;1.07;2.4;108;0.0;0;0.008;0.008;0.057;0.057
Q5_144_seed_1173176433;7868;Hash Join;7;Outer;;0;14685;73423;12500;1.600043583073424e-05;4743.09;38473.68;116;0.0;0;36.626;215.05;7869;Seq Scan;8;Outer;;26136;73423;0;0;0.0489486666666666;0.0;33394.06;8;1500000.0;0;0.0;0.0;0.0;0.0;7870;Hash;8;Inner;;0;12500;12500;0;1.0;4586.84;4586.84;116;0.0;0;7871;Hash Join;9;Outer;;0;12500;62500;5;0.04;2.46;4586.84;116;0.0;0;0.381;32.956;0.104;0.105
Q5_144_seed_1173176433;7871;Hash Join;9;Outer;;0;12500;62500;5;0.04;2.46;4586.84;116;0.0;0;0.494;34.424;7872;Seq Scan;10;Outer;;3600;62500;0;0;0.4166666666666667;0.0;4225.0;8;150000.0;0;0.0;0.0;0.0;0.0;7873;Hash;10;Inner;;0;5;5;0;1.0;2.4;2.4;108;0.0;0;7874;Hash Join;11;Outer;;0;5;25;1;0.2;1.07;2.4;108;0.0;0;0.007;0.007;0.088;0.088
Q5_145_seed_1181380464;7888;Hash Join;7;Outer;;0;14612;73059;12500;1.6000219001081317e-05;4743.09;38472.01;116;0.0;0;37.519;216.495;7889;Seq Scan;8;Outer;;26136;73059;0;0;0.048706;0.0;33394.06;8;1500000.0;0;0.0;0.0;0.0;0.0;7890;Hash;8;Inner;;0;12500;12500;0;1.0;4586.84;4586.84;116;0.0;0;7891;Hash Join;9;Outer;;0;12500;62500;5;0.04;2.46;4586.84;116;0.0;0;0.482;34.89;0.107;0.109
Q5_145_seed_1181380464;7891;Hash Join;9;Outer;;0;12500;62500;5;0.04;2.46;4586.84;116;0.0;0;0.601;36.328;7892;Seq Scan;10;Outer;;3600;62500;0;0;0.4166666666666667;0.0;4225.0;8;150000.0;0;0.0;0.0;0.0;0.0;7893;Hash;10;Inner;;0;5;5;0;1.0;2.4;2.4;108;0.0;0;7894;Hash Join;11;Outer;;0;5;25;1;0.2;1.07;2.4;108;0.0;0;0.011;0.011;0.085;0.085
Q5_146_seed_1189584495;7908;Hash Join;7;Outer;;0;14685;73423;12500;1.600043583073424e-05;4743.09;38473.68;116;0.0;0;35.226;218.057;7909;Seq Scan;8;Outer;;26136;73423;0;0;0.0489486666666666;0.0;33394.06;8;1500000.0;0;0.0;0.0;0.0;0.0;7910;Hash;8;Inner;;0;12500;12500;0;1.0;4586.84;4586.84;116;0.0;0;7911;Hash Join;9;Outer;;0;12500;62500;5;0.04;2.46;4586.84;116;0.0;0;0.183;31.773;0.563;0.564
Q5_146_seed_1189584495;7911;Hash Join;9;Outer;;0;12500;62500;5;0.04;2.46;4586.84;116;0.0;0;0.757;33.72;7912;Seq Scan;10;Outer;;3600;62500;0;0;0.4166666666666667;0.0;4225.0;8;150000.0;0;0.0;0.0;0.0;0.0;7913;Hash;10;Inner;;0;5;5;0;1.0;2.4;2.4;108;0.0;0;7914;Hash Join;11;Outer;;0;5;25;1;0.2;1.07;2.4;108;0.0;0;0.171;0.172;0.38;0.38
Q5_147_seed_1197788526;7928;Hash Join;7;Outer;;0;14612;73059;12500;1.6000219001081317e-05;4743.09;38472.01;116;0.0;0;34.083;215.217;7929;Seq Scan;8;Outer;;26136;73059;0;0;0.048706;0.0;33394.06;8;1500000.0;0;0.0;0.0;0.0;0.0;7930;Hash;8;Inner;;0;12500;12500;0;1.0;4586.84;4586.84;116;0.0;0;7931;Hash Join;9;Outer;;0;12500;62500;5;0.04;2.46;4586.84;116;0.0;0;0.011;31.517;0.065;0.066
Q5_147_seed_1197788526;7931;Hash Join;9;Outer;;0;12500;62500;5;0.04;2.46;4586.84;116;0.0;0;0.086;32.927;7932;Seq Scan;10;Outer;;3600;62500;0;0;0.4166666666666667;0.0;4225.0;8;150000.0;0;0.0;0.0;0.0;0.0;7933;Hash;10;Inner;;0;5;5;0;1.0;2.4;2.4;108;0.0;0;7934;Hash Join;11;Outer;;0;5;25;1;0.2;1.07;2.4;108;0.0;0;0.009;0.009;0.047;0.047
Q5_148_seed_1205992557;7948;Hash Join;7;Outer;;0;14685;73423;12500;1.600043583073424e-05;4743.09;38473.68;116;0.0;0;31.917;208.52;7949;Seq Scan;8;Outer;;26136;73423;0;0;0.0489486666666666;0.0;33394.06;8;1500000.0;0;0.0;0.0;0.0;0.0;7950;Hash;8;Inner;;0;12500;12500;0;1.0;4586.84;4586.84;116;0.0;0;7951;Hash Join;9;Outer;;0;12500;62500;5;0.04;2.46;4586.84;116;0.0;0;0.545;28.335;0.093;0.094
Q5_148_seed_1205992557;7951;Hash Join;9;Outer;;0;12500;62500;5;0.04;2.46;4586.84;116;0.0;0;0.658;30.317;7952;Seq Scan;10;Outer;;3600;62500;0;0;0.4166666666666667;0.0;4225.0;8;150000.0;0;0.0;0.0;0.0;0.0;7953;Hash;10;Inner;;0;5;5;0;1.0;2.4;2.4;108;0.0;0;7954;Hash Join;11;Outer;;0;5;25;1;0.2;1.07;2.4;108;0.0;0;0.014;0.015;0.059;0.059
Q5_149_seed_1214196588;7968;Hash Join;7;Outer;;0;14612;73059;12500;1.6000219001081317e-05;4743.09;38472.01;116;0.0;0;40.626;220.24;7969;Seq Scan;8;Outer;;26136;73059;0;0;0.048706;0.0;33394.06;8;1500000.0;0;0.0;0.0;0.0;0.0;7970;Hash;8;Inner;;0;12500;12500;0;1.0;4586.84;4586.84;116;0.0;0;7971;Hash Join;9;Outer;;0;12500;62500;5;0.04;2.46;4586.84;116;0.0;0;0.013;37.491;0.558;0.559
Q5_149_seed_1214196588;7971;Hash Join;9;Outer;;0;12500;62500;5;0.04;2.46;4586.84;116;0.0;0;0.58;39.396;7972;Seq Scan;10;Outer;;3600;62500;0;0;0.4166666666666667;0.0;4225.0;8;150000.0;0;0.0;0.0;0.0;0.0;7973;Hash;10;Inner;;0;5;5;0;1.0;2.4;2.4;108;0.0;0;7974;Hash Join;11;Outer;;0;5;25;1;0.2;1.07;2.4;108;0.0;0;0.008;0.009;0.541;0.541
Q5_14_seed_106652403;7988;Hash Join;7;Outer;;0;14646;73231;12500;1.599978151329355e-05;4743.09;38472.8;116;0.0;0;36.699;216.962;7989;Seq Scan;8;Outer;;26136;73231;0;0;0.0488206666666666;0.0;33394.06;8;1500000.0;0;0.0;0.0;0.0;0.0;7990;Hash;8;Inner;;0;12500;12500;0;1.0;4586.84;4586.84;116;0.0;0;7991;Hash Join;9;Outer;;0;12500;62500;5;0.04;2.46;4586.84;116;0.0;0;0.224;33.652;0.076;0.077
Q5_14_seed_106652403;7991;Hash Join;9;Outer;;0;12500;62500;5;0.04;2.46;4586.84;116;0.0;0;0.31;35.083;7992;Seq Scan;10;Outer;;3600;62500;0;0;0.4166666666666667;0.0;4225.0;8;150000.0;0;0.0;0.0;0.0;0.0;7993;Hash;10;Inner;;0;5;5;0;1.0;2.4;2.4;108;0.0;0;7994;Hash Join;11;Outer;;0;5;25;1;0.2;1.07;2.4;108;0.0;0;0.007;0.007;0.057;0.058
Q5_150_seed_1231235959;8008;Hash Join;7;Outer;;0;14685;73423;12500;1.600043583073424e-05;4743.09;38473.68;116;0.0;0;30.579;208.217;8009;Seq Scan;8;Outer;;26136;73423;0;0;0.0489486666666666;0.0;33394.06;8;1500000.0;0;0.0;0.0;0.0;0.0;8010;Hash;8;Inner;;0;12500;12500;0;1.0;4586.84;4586.84;116;0.0;0;8011;Hash Join;9;Outer;;0;12500;62500;5;0.04;2.46;4586.84;116;0.0;0;0.145;27.99;0.163;0.164
Q5_150_seed_1231235959;8011;Hash Join;9;Outer;;0;12500;62500;5;0.04;2.46;4586.84;116;0.0;0;0.319;29.532;8012;Seq Scan;10;Outer;;3600;62500;0;0;0.4166666666666667;0.0;4225.0;8;150000.0;0;0.0;0.0;0.0;0.0;8013;Hash;10;Inner;;0;5;5;0;1.0;2.4;2.4;108;0.0;0;8014;Hash Join;11;Outer;;0;5;25;1;0.2;1.07;2.4;108;0.0;0;0.015;0.016;0.138;0.139
Q5_15_seed_114856434;8028;Hash Join;7;Outer;;0;14756;73782;12500;1.5999566289881002e-05;4743.09;38475.32;116;0.0;0;39.909;218.984;8029;Seq Scan;8;Outer;;26136;73782;0;0;0.049188;0.0;33394.06;8;1500000.0;0;0.0;0.0;0.0;0.0;8030;Hash;8;Inner;;0;12500;12500;0;1.0;4586.84;4586.84;116;0.0;0;8031;Hash Join;9;Outer;;0;12500;62500;5;0.04;2.46;4586.84;116;0.0;0;0.385;35.82;0.366;0.366
Q5_15_seed_114856434;8031;Hash Join;9;Outer;;0;12500;62500;5;0.04;2.46;4586.84;116;0.0;0;0.761;37.602;8032;Seq Scan;10;Outer;;3600;62500;0;0;0.4166666666666667;0.0;4225.0;8;150000.0;0;0.0;0.0;0.0;0.0;8033;Hash;10;Inner;;0;5;5;0;1.0;2.4;2.4;108;0.0;0;8034;Hash Join;11;Outer;;0;5;25;1;0.2;1.07;2.4;108;0.0;0;0.007;0.008;0.346;0.346
Q5_18_seed_139468527;8088;Hash Join;7;Outer;;0;14646;73231;12500;1.599978151329355e-05;4743.09;38472.8;116;0.0;0;33.993;222.193;8089;Seq Scan;8;Outer;;26136;73231;0;0;0.0488206666666666;0.0;33394.06;8;1500000.0;0;0.0;0.0;0.0;0.0;8090;Hash;8;Inner;;0;12500;12500;0;1.0;4586.84;4586.84;116;0.0;0;8091;Hash Join;9;Outer;;0;12500;62500;5;0.04;2.46;4586.84;116;0.0;0;0.204;30.518;0.13;0.131
Q5_18_seed_139468527;8091;Hash Join;9;Outer;;0;12500;62500;5;0.04;2.46;4586.84;116;0.0;0;0.347;32.068;8092;Seq Scan;10;Outer;;3600;62500;0;0;0.4166666666666667;0.0;4225.0;8;150000.0;0;0.0;0.0;0.0;0.0;8093;Hash;10;Inner;;0;5;5;0;1.0;2.4;2.4;108;0.0;0;8094;Hash Join;11;Outer;;0;5;25;1;0.2;1.07;2.4;108;0.0;0;0.019;0.019;0.1;0.1
Q5_19_seed_147672558;8108;Hash Join;7;Outer;;0;14756;73782;12500;1.5999566289881002e-05;4743.09;38475.32;116;0.0;0;36.83;217.173;8109;Seq Scan;8;Outer;;26136;73782;0;0;0.049188;0.0;33394.06;8;1500000.0;0;0.0;0.0;0.0;0.0;8110;Hash;8;Inner;;0;12500;12500;0;1.0;4586.84;4586.84;116;0.0;0;8111;Hash Join;9;Outer;;0;12500;62500;5;0.04;2.46;4586.84;116;0.0;0;0.616;33.451;0.061;0.062
Q5_19_seed_147672558;8111;Hash Join;9;Outer;;0;12500;62500;5;0.04;2.46;4586.84;116;0.0;0;0.689;34.879;8112;Seq Scan;10;Outer;;3600;62500;0;0;0.4166666666666667;0.0;4225.0;8;150000.0;0;0.0;0.0;0.0;0.0;8113;Hash;10;Inner;;0;5;5;0;1.0;2.4;2.4;108;0.0;0;8114;Hash Join;11;Outer;;0;5;25;1;0.2;1.07;2.4;108;0.0;0;0.008;0.008;0.043;0.043
Q5_1_seed_0101000000;8128;Hash Join;7;Outer;;0;14646;73231;12500;1.599978151329355e-05;4743.09;38472.8;116;0.0;0;36.913;217.288;8129;Seq Scan;8;Outer;;26136;73231;0;0;0.0488206666666666;0.0;33394.06;8;1500000.0;0;0.0;0.0;0.0;0.0;8130;Hash;8;Inner;;0;12500;12500;0;1.0;4586.84;4586.84;116;0.0;0;8131;Hash Join;9;Outer;;0;12500;62500;5;0.04;2.46;4586.84;116;0.0;0;0.01;34.428;0.073;0.074
Q5_1_seed_0101000000;8131;Hash Join;9;Outer;;0;12500;62500;5;0.04;2.46;4586.84;116;0.0;0;0.093;35.834;8132;Seq Scan;10;Outer;;3600;62500;0;0;0.4166666666666667;0.0;4225.0;8;150000.0;0;0.0;0.0;0.0;0.0;8133;Hash;10;Inner;;0;5;5;0;1.0;2.4;2.4;108;0.0;0;8134;Hash Join;11;Outer;;0;5;25;1;0.2;1.07;2.4;108;0.0;0;0.007;0.007;0.056;0.056
Q5_20_seed_155876589;8148;Hash Join;7;Outer;;0;14646;73231;12500;1.599978151329355e-05;4743.09;38472.8;116;0.0;0;36.376;219.59;8149;Seq Scan;8;Outer;;26136;73231;0;0;0.0488206666666666;0.0;33394.06;8;1500000.0;0;0.0;0.0;0.0;0.0;8150;Hash;8;Inner;;0;12500;12500;0;1.0;4586.84;4586.84;116;0.0;0;8151;Hash Join;9;Outer;;0;12500;62500;5;0.04;2.46;4586.84;116;0.0;0;0.706;32.882;0.08;0.081
Q5_20_seed_155876589;8151;Hash Join;9;Outer;;0;12500;62500;5;0.04;2.46;4586.84;116;0.0;0;0.799;34.306;8152;Seq Scan;10;Outer;;3600;62500;0;0;0.4166666666666667;0.0;4225.0;8;150000.0;0;0.0;0.0;0.0;0.0;8153;Hash;10;Inner;;0;5;5;0;1.0;2.4;2.4;108;0.0;0;8154;Hash Join;11;Outer;;0;5;25;1;0.2;1.07;2.4;108;0.0;0;0.009;0.01;0.059;0.059
Q5_21_seed_164080620;8168;Hash Join;7;Outer;;0;14884;74418;12500;1.600043000349378e-05;4743.09;38478.24;116;0.0;0;36.745;216.275;8169;Seq Scan;8;Outer;;26136;74418;0;0;0.049612;0.0;33394.06;8;1500000.0;0;0.0;0.0;0.0;0.0;8170;Hash;8;Inner;;0;12500;12500;0;1.0;4586.84;4586.84;116;0.0;0;8171;Hash Join;9;Outer;;0;12500;62500;5;0.04;2.46;4586.84;116;0.0;0;0.011;33.746;0.123;0.124
Q5_21_seed_164080620;8171;Hash Join;9;Outer;;0;12500;62500;5;0.04;2.46;4586.84;116;0.0;0;0.144;35.188;8172;Seq Scan;10;Outer;;3600;62500;0;0;0.4166666666666667;0.0;4225.0;8;150000.0;0;0.0;0.0;0.0;0.0;8173;Hash;10;Inner;;0;5;5;0;1.0;2.4;2.4;108;0.0;0;8174;Hash Join;11;Outer;;0;5;25;1;0.2;1.07;2.4;108;0.0;0;0.008;0.009;0.105;0.105
Q5_23_seed_180488682;8208;Hash Join;7;Outer;;0;14884;74418;12500;1.600043000349378e-05;4743.09;38478.24;116;0.0;0;32.503;208.152;8209;Seq Scan;8;Outer;;26136;74418;0;0;0.049612;0.0;33394.06;8;1500000.0;0;0.0;0.0;0.0;0.0;8210;Hash;8;Inner;;0;12500;12500;0;1.0;4586.84;4586.84;116;0.0;0;8211;Hash Join;9;Outer;;0;12500;62500;5;0.04;2.46;4586.84;116;0.0;0;0.47;29.503;0.294;0.296
Q5_23_seed_180488682;8211;Hash Join;9;Outer;;0;12500;62500;5;0.04;2.46;4586.84;116;0.0;0;0.779;31.181;8212;Seq Scan;10;Outer;;3600;62500;0;0;0.4166666666666667;0.0;4225.0;8;150000.0;0;0.0;0.0;0.0;0.0;8213;Hash;10;Inner;;0;5;5;0;1.0;2.4;2.4;108;0.0;0;8214;Hash Join;11;Outer;;0;5;25;1;0.2;1.07;2.4;108;0.0;0;0.016;0.017;0.265;0.265
Q5_24_seed_188692713;8228;Hash Join;7;Outer;;0;14646;73231;12500;1.599978151329355e-05;4743.09;38472.8;116;0.0;0;38.284;220.862;8229;Seq Scan;8;Outer;;26136;73231;0;0;0.0488206666666666;0.0;33394.06;8;1500000.0;0;0.0;0.0;0.0;0.0;8230;Hash;8;Inner;;0;12500;12500;0;1.0;4586.84;4586.84;116;0.0;0;8231;Hash Join;9;Outer;;0;12500;62500;5;0.04;2.46;4586.84;116;0.0;0;0.55;35.34;0.074;0.075
Q5_24_seed_188692713;8231;Hash Join;9;Outer;;0;12500;62500;5;0.04;2.46;4586.84;116;0.0;0;0.638;36.811;8232;Seq Scan;10;Outer;;3600;62500;0;0;0.4166666666666667;0.0;4225.0;8;150000.0;0;0.0;0.0;0.0;0.0;8233;Hash;10;Inner;;0;5;5;0;1.0;2.4;2.4;108;0.0;0;8234;Hash Join;11;Outer;;0;5;25;1;0.2;1.07;2.4;108;0.0;0;0.009;0.01;0.053;0.053
Q5_25_seed_196896744;8248;Hash Join;7;Outer;;0;14884;74418;12500;1.600043000349378e-05;4743.09;38478.24;116;0.0;0;34.589;213.496;8249;Seq Scan;8;Outer;;26136;74418;0;0;0.049612;0.0;33394.06;8;1500000.0;0;0.0;0.0;0.0;0.0;8250;Hash;8;Inner;;0;12500;12500;0;1.0;4586.84;4586.84;116;0.0;0;8251;Hash Join;9;Outer;;0;12500;62500;5;0.04;2.46;4586.84;116;0.0;0;0.013;31.55;0.076;0.077
Q5_25_seed_196896744;8251;Hash Join;9;Outer;;0;12500;62500;5;0.04;2.46;4586.84;116;0.0;0;0.1;32.995;8252;Seq Scan;10;Outer;;3600;62500;0;0;0.4166666666666667;0.0;4225.0;8;150000.0;0;0.0;0.0;0.0;0.0;8253;Hash;10;Inner;;0;5;5;0;1.0;2.4;2.4;108;0.0;0;8254;Hash Join;11;Outer;;0;5;25;1;0.2;1.07;2.4;108;0.0;0;0.01;0.011;0.056;0.056
Q5_26_seed_205100775;8268;Hash Join;7;Outer;;0;14646;73231;12500;1.599978151329355e-05;4743.09;38472.8;116;0.0;0;32.401;210.267;8269;Seq Scan;8;Outer;;26136;73231;0;0;0.0488206666666666;0.0;33394.06;8;1500000.0;0;0.0;0.0;0.0;0.0;8270;Hash;8;Inner;;0;12500;12500;0;1.0;4586.84;4586.84;116;0.0;0;8271;Hash Join;9;Outer;;0;12500;62500;5;0.04;2.46;4586.84;116;0.0;0;0.013;28.113;0.078;0.079
Q5_26_seed_205100775;8271;Hash Join;9;Outer;;0;12500;62500;5;0.04;2.46;4586.84;116;0.0;0;0.102;29.498;8272;Seq Scan;10;Outer;;3600;62500;0;0;0.4166666666666667;0.0;4225.0;8;150000.0;0;0.0;0.0;0.0;0.0;8273;Hash;10;Inner;;0;5;5;0;1.0;2.4;2.4;108;0.0;0;8274;Hash Join;11;Outer;;0;5;25;1;0.2;1.07;2.4;108;0.0;0;0.009;0.01;0.057;0.057
Q5_28_seed_221508837;8308;Hash Join;7;Outer;;0;14646;73231;12500;1.599978151329355e-05;4743.09;38472.8;116;0.0;0;39.454;223.963;8309;Seq Scan;8;Outer;;26136;73231;0;0;0.0488206666666666;0.0;33394.06;8;1500000.0;0;0.0;0.0;0.0;0.0;8310;Hash;8;Inner;;0;12500;12500;0;1.0;4586.84;4586.84;116;0.0;0;8311;Hash Join;9;Outer;;0;12500;62500;5;0.04;2.46;4586.84;116;0.0;0;1.061;35.932;0.106;0.107
Q5_28_seed_221508837;8311;Hash Join;9;Outer;;0;12500;62500;5;0.04;2.46;4586.84;116;0.0;0;1.18;37.368;8312;Seq Scan;10;Outer;;3600;62500;0;0;0.4166666666666667;0.0;4225.0;8;150000.0;0;0.0;0.0;0.0;0.0;8313;Hash;10;Inner;;0;5;5;0;1.0;2.4;2.4;108;0.0;0;8314;Hash Join;11;Outer;;0;5;25;1;0.2;1.07;2.4;108;0.0;0;0.01;0.011;0.085;0.086
Q5_29_seed_229712868;8328;Hash Join;7;Outer;;0;14884;74418;12500;1.600043000349378e-05;4743.09;38478.24;116;0.0;0;39.6;219.647;8329;Seq Scan;8;Outer;;26136;74418;0;0;0.049612;0.0;33394.06;8;1500000.0;0;0.0;0.0;0.0;0.0;8330;Hash;8;Inner;;0;12500;12500;0;1.0;4586.84;4586.84;116;0.0;0;8331;Hash Join;9;Outer;;0;12500;62500;5;0.04;2.46;4586.84;116;0.0;0;0.248;35.429;0.217;0.219
Q5_29_seed_229712868;8331;Hash Join;9;Outer;;0;12500;62500;5;0.04;2.46;4586.84;116;0.0;0;0.477;37.121;8332;Seq Scan;10;Outer;;3600;62500;0;0;0.4166666666666667;0.0;4225.0;8;150000.0;0;0.0;0.0;0.0;0.0;8333;Hash;10;Inner;;0;5;5;0;1.0;2.4;2.4;108;0.0;0;8334;Hash Join;11;Outer;;0;5;25;1;0.2;1.07;2.4;108;0.0;0;0.008;0.009;0.196;0.196
Q5_2_seed_8204031;8348;Hash Join;7;Outer;;0;14612;73059;12500;1.6000219001081317e-05;4743.09;38472.01;116;0.0;0;38.48;219.099;8349;Seq Scan;8;Outer;;26136;73059;0;0;0.048706;0.0;33394.06;8;1500000.0;0;0.0;0.0;0.0;0.0;8350;Hash;8;Inner;;0;12500;12500;0;1.0;4586.84;4586.84;116;0.0;0;8351;Hash Join;9;Outer;;0;12500;62500;5;0.04;2.46;4586.84;116;0.0;0;0.189;35.617;0.186;0.187
Q5_2_seed_8204031;8351;Hash Join;9;Outer;;0;12500;62500;5;0.04;2.46;4586.84;116;0.0;0;0.386;37.166;8352;Seq Scan;10;Outer;;3600;62500;0;0;0.4166666666666667;0.0;4225.0;8;150000.0;0;0.0;0.0;0.0;0.0;8353;Hash;10;Inner;;0;5;5;0;1.0;2.4;2.4;108;0.0;0;8354;Hash Join;11;Outer;;0;5;25;1;0.2;1.07;2.4;108;0.0;0;0.019;0.02;0.157;0.157
Q5_30_seed_237916899;8368;Hash Join;7;Outer;;0;14646;73231;12500;1.599978151329355e-05;4743.09;38472.8;116;0.0;0;33.162;215.491;8369;Seq Scan;8;Outer;;26136;73231;0;0;0.0488206666666666;0.0;33394.06;8;1500000.0;0;0.0;0.0;0.0;0.0;8370;Hash;8;Inner;;0;12500;12500;0;1.0;4586.84;4586.84;116;0.0;0;8371;Hash Join;9;Outer;;0;12500;62500;5;0.04;2.46;4586.84;116;0.0;0;0.014;30.031;0.076;0.077
Q5_30_seed_237916899;8371;Hash Join;9;Outer;;0;12500;62500;5;0.04;2.46;4586.84;116;0.0;0;0.099;31.441;8372;Seq Scan;10;Outer;;3600;62500;0;0;0.4166666666666667;0.0;4225.0;8;150000.0;0;0.0;0.0;0.0;0.0;8373;Hash;10;Inner;;0;5;5;0;1.0;2.4;2.4;108;0.0;0;8374;Hash Join;11;Outer;;0;5;25;1;0.2;1.07;2.4;108;0.0;0;0.011;0.011;0.054;0.054
Q5_31_seed_246120930;8388;Hash Join;7;Outer;;0;14884;74418;12500;1.600043000349378e-05;4743.09;38478.24;116;0.0;0;35.859;216.831;8389;Seq Scan;8;Outer;;26136;74418;0;0;0.049612;0.0;33394.06;8;1500000.0;0;0.0;0.0;0.0;0.0;8390;Hash;8;Inner;;0;12500;12500;0;1.0;4586.84;4586.84;116;0.0;0;8391;Hash Join;9;Outer;;0;12500;62500;5;0.04;2.46;4586.84;116;0.0;0;0.013;32.497;0.081;0.082
Q5_31_seed_246120930;8391;Hash Join;9;Outer;;0;12500;62500;5;0.04;2.46;4586.84;116;0.0;0;0.105;34.083;8392;Seq Scan;10;Outer;;3600;62500;0;0;0.4166666666666667;0.0;4225.0;8;150000.0;0;0.0;0.0;0.0;0.0;8393;Hash;10;Inner;;0;5;5;0;1.0;2.4;2.4;108;0.0;0;8394;Hash Join;11;Outer;;0;5;25;1;0.2;1.07;2.4;108;0.0;0;0.009;0.01;0.059;0.059
Q5_32_seed_254324961;8408;Hash Join;7;Outer;;0;14685;73423;12500;1.600043583073424e-05;4743.09;38473.68;116;0.0;0;40.156;223.668;8409;Seq Scan;8;Outer;;26136;73423;0;0;0.0489486666666666;0.0;33394.06;8;1500000.0;0;0.0;0.0;0.0;0.0;8410;Hash;8;Inner;;0;12500;12500;0;1.0;4586.84;4586.84;116;0.0;0;8411;Hash Join;9;Outer;;0;12500;62500;5;0.04;2.46;4586.84;116;0.0;0;0.011;34.691;0.071;0.071
Q5_32_seed_254324961;8411;Hash Join;9;Outer;;0;12500;62500;5;0.04;2.46;4586.84;116;0.0;0;0.09;36.111;8412;Seq Scan;10;Outer;;3600;62500;0;0;0.4166666666666667;0.0;4225.0;8;150000.0;0;0.0;0.0;0.0;0.0;8413;Hash;10;Inner;;0;5;5;0;1.0;2.4;2.4;108;0.0;0;8414;Hash Join;11;Outer;;0;5;25;1;0.2;1.07;2.4;108;0.0;0;0.008;0.009;0.054;0.054
Q5_33_seed_262528992;8428;Hash Join;7;Outer;;0;14884;74418;12500;1.600043000349378e-05;4743.09;38478.24;116;0.0;0;35.625;217.614;8429;Seq Scan;8;Outer;;26136;74418;0;0;0.049612;0.0;33394.06;8;1500000.0;0;0.0;0.0;0.0;0.0;8430;Hash;8;Inner;;0;12500;12500;0;1.0;4586.84;4586.84;116;0.0;0;8431;Hash Join;9;Outer;;0;12500;62500;5;0.04;2.46;4586.84;116;0.0;0;0.073;32.85;0.359;0.36
Q5_33_seed_262528992;8431;Hash Join;9;Outer;;0;12500;62500;5;0.04;2.46;4586.84;116;0.0;0;0.44;34.59;8432;Seq Scan;10;Outer;;3600;62500;0;0;0.4166666666666667;0.0;4225.0;8;150000.0;0;0.0;0.0;0.0;0.0;8433;Hash;10;Inner;;0;5;5;0;1.0;2.4;2.4;108;0.0;0;8434;Hash Join;11;Outer;;0;5;25;1;0.2;1.07;2.4;108;0.0;0;0.008;0.008;0.343;0.343
Q5_34_seed_270733023;8448;Hash Join;7;Outer;;0;14685;73423;12500;1.600043583073424e-05;4743.09;38473.68;116;0.0;0;36.681;217.514;8449;Seq Scan;8;Outer;;26136;73423;0;0;0.0489486666666666;0.0;33394.06;8;1500000.0;0;0.0;0.0;0.0;0.0;8450;Hash;8;Inner;;0;12500;12500;0;1.0;4586.84;4586.84;116;0.0;0;8451;Hash Join;9;Outer;;0;12500;62500;5;0.04;2.46;4586.84;116;0.0;0;0.793;32.332;0.153;0.154
Q5_34_seed_270733023;8451;Hash Join;9;Outer;;0;12500;62500;5;0.04;2.46;4586.84;116;0.0;0;0.958;33.892;8452;Seq Scan;10;Outer;;3600;62500;0;0;0.4166666666666667;0.0;4225.0;8;150000.0;0;0.0;0.0;0.0;0.0;8453;Hash;10;Inner;;0;5;5;0;1.0;2.4;2.4;108;0.0;0;8454;Hash Join;11;Outer;;0;5;25;1;0.2;1.07;2.4;108;0.0;0;0.009;0.009;0.132;0.132
Q5_35_seed_278937054;8468;Hash Join;7;Outer;;0;14884;74418;12500;1.600043000349378e-05;4743.09;38478.24;116;0.0;0;38.404;216.72;8469;Seq Scan;8;Outer;;26136;74418;0;0;0.049612;0.0;33394.06;8;1500000.0;0;0.0;0.0;0.0;0.0;8470;Hash;8;Inner;;0;12500;12500;0;1.0;4586.84;4586.84;116;0.0;0;8471;Hash Join;9;Outer;;0;12500;62500;5;0.04;2.46;4586.84;116;0.0;0;0.013;33.759;0.089;0.09
Q5_35_seed_278937054;8471;Hash Join;9;Outer;;0;12500;62500;5;0.04;2.46;4586.84;116;0.0;0;0.113;35.202;8472;Seq Scan;10;Outer;;3600;62500;0;0;0.4166666666666667;0.0;4225.0;8;150000.0;0;0.0;0.0;0.0;0.0;8473;Hash;10;Inner;;0;5;5;0;1.0;2.4;2.4;108;0.0;0;8474;Hash Join;11;Outer;;0;5;25;1;0.2;1.07;2.4;108;0.0;0;0.007;0.008;0.07;0.071
Q5_38_seed_303549147;8528;Hash Join;7;Outer;;0;14685;73423;12500;1.600043583073424e-05;4743.09;38473.68;116;0.0;0;37.993;218.977;8529;Seq Scan;8;Outer;;26136;73423;0;0;0.0489486666666666;0.0;33394.06;8;1500000.0;0;0.0;0.0;0.0;0.0;8530;Hash;8;Inner;;0;12500;12500;0;1.0;4586.84;4586.84;116;0.0;0;8531;Hash Join;9;Outer;;0;12500;62500;5;0.04;2.46;4586.84;116;0.0;0;0.355;33.841;0.177;0.177
Q5_38_seed_303549147;8531;Hash Join;9;Outer;;0;12500;62500;5;0.04;2.46;4586.84;116;0.0;0;0.54;35.374;8532;Seq Scan;10;Outer;;3600;62500;0;0;0.4166666666666667;0.0;4225.0;8;150000.0;0;0.0;0.0;0.0;0.0;8533;Hash;10;Inner;;0;5;5;0;1.0;2.4;2.4;108;0.0;0;8534;Hash Join;11;Outer;;0;5;25;1;0.2;1.07;2.4;108;0.0;0;0.008;0.008;0.16;0.16
Q5_39_seed_311753178;8548;Hash Join;7;Outer;;0;14884;74418;12500;1.600043000349378e-05;4743.09;38478.24;116;0.0;0;39.628;217.293;8549;Seq Scan;8;Outer;;26136;74418;0;0;0.049612;0.0;33394.06;8;1500000.0;0;0.0;0.0;0.0;0.0;8550;Hash;8;Inner;;0;12500;12500;0;1.0;4586.84;4586.84;116;0.0;0;8551;Hash Join;9;Outer;;0;12500;62500;5;0.04;2.46;4586.84;116;0.0;0;2.041;37.099;0.164;0.165
Q5_39_seed_311753178;8551;Hash Join;9;Outer;;0;12500;62500;5;0.04;2.46;4586.84;116;0.0;0;2.216;38.612;8552;Seq Scan;10;Outer;;3600;62500;0;0;0.4166666666666667;0.0;4225.0;8;150000.0;0;0.0;0.0;0.0;0.0;8553;Hash;10;Inner;;0;5;5;0;1.0;2.4;2.4;108;0.0;0;8554;Hash Join;11;Outer;;0;5;25;1;0.2;1.07;2.4;108;0.0;0;0.008;0.009;0.146;0.147
Q5_3_seed_16408062;8568;Hash Join;7;Outer;;0;14756;73782;12500;1.5999566289881002e-05;4743.09;38475.32;116;0.0;0;34.144;217.098;8569;Seq Scan;8;Outer;;26136;73782;0;0;0.049188;0.0;33394.06;8;1500000.0;0;0.0;0.0;0.0;0.0;8570;Hash;8;Inner;;0;12500;12500;0;1.0;4586.84;4586.84;116;0.0;0;8571;Hash Join;9;Outer;;0;12500;62500;5;0.04;2.46;4586.84;116;0.0;0;0.01;31.389;0.074;0.074
Q5_3_seed_16408062;8571;Hash Join;9;Outer;;0;12500;62500;5;0.04;2.46;4586.84;116;0.0;0;0.094;32.879;8572;Seq Scan;10;Outer;;3600;62500;0;0;0.4166666666666667;0.0;4225.0;8;150000.0;0;0.0;0.0;0.0;0.0;8573;Hash;10;Inner;;0;5;5;0;1.0;2.4;2.4;108;0.0;0;8574;Hash Join;11;Outer;;0;5;25;1;0.2;1.07;2.4;108;0.0;0;0.008;0.008;0.056;0.056
Q5_40_seed_319957209;8588;Hash Join;7;Outer;;0;14685;73423;12500;1.600043583073424e-05;4743.09;38473.68;116;0.0;0;40.713;226.417;8589;Seq Scan;8;Outer;;26136;73423;0;0;0.0489486666666666;0.0;33394.06;8;1500000.0;0;0.0;0.0;0.0;0.0;8590;Hash;8;Inner;;0;12500;12500;0;1.0;4586.84;4586.84;116;0.0;0;8591;Hash Join;9;Outer;;0;12500;62500;5;0.04;2.46;4586.84;116;0.0;0;1.832;36.749;0.082;0.082
Q5_40_seed_319957209;8591;Hash Join;9;Outer;;0;12500;62500;5;0.04;2.46;4586.84;116;0.0;0;2.392;38.634;8592;Seq Scan;10;Outer;;3600;62500;0;0;0.4166666666666667;0.0;4225.0;8;150000.0;0;0.0;0.0;0.0;0.0;8593;Hash;10;Inner;;0;5;5;0;1.0;2.4;2.4;108;0.0;0;8594;Hash Join;11;Outer;;0;5;25;1;0.2;1.07;2.4;108;0.0;0;0.011;0.012;0.059;0.059
Q5_42_seed_336365271;8628;Hash Join;7;Outer;;0;14685;73423;12500;1.600043583073424e-05;4743.09;38473.68;116;0.0;0;36.223;214.271;8629;Seq Scan;8;Outer;;26136;73423;0;0;0.0489486666666666;0.0;33394.06;8;1500000.0;0;0.0;0.0;0.0;0.0;8630;Hash;8;Inner;;0;12500;12500;0;1.0;4586.84;4586.84;116;0.0;0;8631;Hash Join;9;Outer;;0;12500;62500;5;0.04;2.46;4586.84;116;0.0;0;0.732;33.562;0.078;0.078
Q5_42_seed_336365271;8631;Hash Join;9;Outer;;0;12500;62500;5;0.04;2.46;4586.84;116;0.0;0;0.822;35.155;8632;Seq Scan;10;Outer;;3600;62500;0;0;0.4166666666666667;0.0;4225.0;8;150000.0;0;0.0;0.0;0.0;0.0;8633;Hash;10;Inner;;0;5;5;0;1.0;2.4;2.4;108;0.0;0;8634;Hash Join;11;Outer;;0;5;25;1;0.2;1.07;2.4;108;0.0;0;0.012;0.013;0.055;0.055
Q5_43_seed_344569302;8648;Hash Join;7;Outer;;0;14612;73059;12500;1.6000219001081317e-05;4743.09;38472.01;116;0.0;0;36.758;219.756;8649;Seq Scan;8;Outer;;26136;73059;0;0;0.048706;0.0;33394.06;8;1500000.0;0;0.0;0.0;0.0;0.0;8650;Hash;8;Inner;;0;12500;12500;0;1.0;4586.84;4586.84;116;0.0;0;8651;Hash Join;9;Outer;;0;12500;62500;5;0.04;2.46;4586.84;116;0.0;0;0.15;34.1;0.132;0.132
Q5_43_seed_344569302;8651;Hash Join;9;Outer;;0;12500;62500;5;0.04;2.46;4586.84;116;0.0;0;0.292;35.632;8652;Seq Scan;10;Outer;;3600;62500;0;0;0.4166666666666667;0.0;4225.0;8;150000.0;0;0.0;0.0;0.0;0.0;8653;Hash;10;Inner;;0;5;5;0;1.0;2.4;2.4;108;0.0;0;8654;Hash Join;11;Outer;;0;5;25;1;0.2;1.07;2.4;108;0.0;0;0.013;0.014;0.108;0.108
Q5_45_seed_360977364;8688;Hash Join;7;Outer;;0;14612;73059;12500;1.6000219001081317e-05;4743.09;38472.01;116;0.0;0;36.354;219.1;8689;Seq Scan;8;Outer;;26136;73059;0;0;0.048706;0.0;33394.06;8;1500000.0;0;0.0;0.0;0.0;0.0;8690;Hash;8;Inner;;0;12500;12500;0;1.0;4586.84;4586.84;116;0.0;0;8691;Hash Join;9;Outer;;0;12500;62500;5;0.04;2.46;4586.84;116;0.0;0;0.076;32.058;0.147;0.147
Q5_45_seed_360977364;8691;Hash Join;9;Outer;;0;12500;62500;5;0.04;2.46;4586.84;116;0.0;0;0.234;33.637;8692;Seq Scan;10;Outer;;3600;62500;0;0;0.4166666666666667;0.0;4225.0;8;150000.0;0;0.0;0.0;0.0;0.0;8693;Hash;10;Inner;;0;5;5;0;1.0;2.4;2.4;108;0.0;0;8694;Hash Join;11;Outer;;0;5;25;1;0.2;1.07;2.4;108;0.0;0;0.008;0.009;0.127;0.127
Q5_46_seed_369181395;8708;Hash Join;7;Outer;;0;14685;73423;12500;1.600043583073424e-05;4743.09;38473.68;116;0.0;0;37.521;219.993;8709;Seq Scan;8;Outer;;26136;73423;0;0;0.0489486666666666;0.0;33394.06;8;1500000.0;0;0.0;0.0;0.0;0.0;8710;Hash;8;Inner;;0;12500;12500;0;1.0;4586.84;4586.84;116;0.0;0;8711;Hash Join;9;Outer;;0;12500;62500;5;0.04;2.46;4586.84;116;0.0;0;0.114;34.475;0.074;0.075
Q5_46_seed_369181395;8711;Hash Join;9;Outer;;0;12500;62500;5;0.04;2.46;4586.84;116;0.0;0;0.198;35.875;8712;Seq Scan;10;Outer;;3600;62500;0;0;0.4166666666666667;0.0;4225.0;8;150000.0;0;0.0;0.0;0.0;0.0;8713;Hash;10;Inner;;0;5;5;0;1.0;2.4;2.4;108;0.0;0;8714;Hash Join;11;Outer;;0;5;25;1;0.2;1.07;2.4;108;0.0;0;0.008;0.009;0.057;0.058
Q5_47_seed_377385426;8728;Hash Join;7;Outer;;0;14612;73059;12500;1.6000219001081317e-05;4743.09;38472.01;116;0.0;0;34.36;210.923;8729;Seq Scan;8;Outer;;26136;73059;0;0;0.048706;0.0;33394.06;8;1500000.0;0;0.0;0.0;0.0;0.0;8730;Hash;8;Inner;;0;12500;12500;0;1.0;4586.84;4586.84;116;0.0;0;8731;Hash Join;9;Outer;;0;12500;62500;5;0.04;2.46;4586.84;116;0.0;0;0.049;30.985;0.183;0.183
Q5_47_seed_377385426;8731;Hash Join;9;Outer;;0;12500;62500;5;0.04;2.46;4586.84;116;0.0;0;0.245;32.536;8732;Seq Scan;10;Outer;;3600;62500;0;0;0.4166666666666667;0.0;4225.0;8;150000.0;0;0.0;0.0;0.0;0.0;8733;Hash;10;Inner;;0;5;5;0;1.0;2.4;2.4;108;0.0;0;8734;Hash Join;11;Outer;;0;5;25;1;0.2;1.07;2.4;108;0.0;0;0.008;0.008;0.163;0.163
Q5_48_seed_385589457;8748;Hash Join;7;Outer;;0;14685;73423;12500;1.600043583073424e-05;4743.09;38473.68;116;0.0;0;31.803;211.649;8749;Seq Scan;8;Outer;;26136;73423;0;0;0.0489486666666666;0.0;33394.06;8;1500000.0;0;0.0;0.0;0.0;0.0;8750;Hash;8;Inner;;0;12500;12500;0;1.0;4586.84;4586.84;116;0.0;0;8751;Hash Join;9;Outer;;0;12500;62500;5;0.04;2.46;4586.84;116;0.0;0;0.012;29.386;0.074;0.075
Q5_48_seed_385589457;8751;Hash Join;9;Outer;;0;12500;62500;5;0.04;2.46;4586.84;116;0.0;0;0.098;30.846;8752;Seq Scan;10;Outer;;3600;62500;0;0;0.4166666666666667;0.0;4225.0;8;150000.0;0;0.0;0.0;0.0;0.0;8753;Hash;10;Inner;;0;5;5;0;1.0;2.4;2.4;108;0.0;0;8754;Hash Join;11;Outer;;0;5;25;1;0.2;1.07;2.4;108;0.0;0;0.008;0.008;0.055;0.055
Q5_49_seed_393793488;8768;Hash Join;7;Outer;;0;14612;73059;12500;1.6000219001081317e-05;4743.09;38472.01;116;0.0;0;36.216;218.072;8769;Seq Scan;8;Outer;;26136;73059;0;0;0.048706;0.0;33394.06;8;1500000.0;0;0.0;0.0;0.0;0.0;8770;Hash;8;Inner;;0;12500;12500;0;1.0;4586.84;4586.84;116;0.0;0;8771;Hash Join;9;Outer;;0;12500;62500;5;0.04;2.46;4586.84;116;0.0;0;0.219;32.505;0.068;0.069
Q5_49_seed_393793488;8771;Hash Join;9;Outer;;0;12500;62500;5;0.04;2.46;4586.84;116;0.0;0;0.298;34.008;8772;Seq Scan;10;Outer;;3600;62500;0;0;0.4166666666666667;0.0;4225.0;8;150000.0;0;0.0;0.0;0.0;0.0;8773;Hash;10;Inner;;0;5;5;0;1.0;2.4;2.4;108;0.0;0;8774;Hash Join;11;Outer;;0;5;25;1;0.2;1.07;2.4;108;0.0;0;0.01;0.011;0.048;0.048
Q5_50_seed_401997519;8808;Hash Join;7;Outer;;0;14685;73423;12500;1.600043583073424e-05;4743.09;38473.68;116;0.0;0;32.998;215.604;8809;Seq Scan;8;Outer;;26136;73423;0;0;0.0489486666666666;0.0;33394.06;8;1500000.0;0;0.0;0.0;0.0;0.0;8810;Hash;8;Inner;;0;12500;12500;0;1.0;4586.84;4586.84;116;0.0;0;8811;Hash Join;9;Outer;;0;12500;62500;5;0.04;2.46;4586.84;116;0.0;0;0.496;30.007;0.108;0.109
Q5_50_seed_401997519;8811;Hash Join;9;Outer;;0;12500;62500;5;0.04;2.46;4586.84;116;0.0;0;0.616;31.508;8812;Seq Scan;10;Outer;;3600;62500;0;0;0.4166666666666667;0.0;4225.0;8;150000.0;0;0.0;0.0;0.0;0.0;8813;Hash;10;Inner;;0;5;5;0;1.0;2.4;2.4;108;0.0;0;8814;Hash Join;11;Outer;;0;5;25;1;0.2;1.07;2.4;108;0.0;0;0.008;0.009;0.089;0.089
Q5_51_seed_410201550;8828;Hash Join;7;Outer;;0;14612;73059;12500;1.6000219001081317e-05;4743.09;38472.01;116;0.0;0;32.542;209.797;8829;Seq Scan;8;Outer;;26136;73059;0;0;0.048706;0.0;33394.06;8;1500000.0;0;0.0;0.0;0.0;0.0;8830;Hash;8;Inner;;0;12500;12500;0;1.0;4586.84;4586.84;116;0.0;0;8831;Hash Join;9;Outer;;0;12500;62500;5;0.04;2.46;4586.84;116;0.0;0;0.408;29.483;0.074;0.075
Q5_51_seed_410201550;8831;Hash Join;9;Outer;;0;12500;62500;5;0.04;2.46;4586.84;116;0.0;0;0.492;31.091;8832;Seq Scan;10;Outer;;3600;62500;0;0;0.4166666666666667;0.0;4225.0;8;150000.0;0;0.0;0.0;0.0;0.0;8833;Hash;10;Inner;;0;5;5;0;1.0;2.4;2.4;108;0.0;0;8834;Hash Join;11;Outer;;0;5;25;1;0.2;1.07;2.4;108;0.0;0;0.008;0.009;0.056;0.056
Q5_52_seed_418405581;8848;Hash Join;7;Outer;;0;14756;73782;12500;1.5999566289881002e-05;4743.09;38475.32;116;0.0;0;36.302;218.712;8849;Seq Scan;8;Outer;;26136;73782;0;0;0.049188;0.0;33394.06;8;1500000.0;0;0.0;0.0;0.0;0.0;8850;Hash;8;Inner;;0;12500;12500;0;1.0;4586.84;4586.84;116;0.0;0;8851;Hash Join;9;Outer;;0;12500;62500;5;0.04;2.46;4586.84;116;0.0;0;0.012;32.971;0.208;0.208
Q5_52_seed_418405581;8851;Hash Join;9;Outer;;0;12500;62500;5;0.04;2.46;4586.84;116;0.0;0;0.23;34.517;8852;Seq Scan;10;Outer;;3600;62500;0;0;0.4166666666666667;0.0;4225.0;8;150000.0;0;0.0;0.0;0.0;0.0;8853;Hash;10;Inner;;0;5;5;0;1.0;2.4;2.4;108;0.0;0;8854;Hash Join;11;Outer;;0;5;25;1;0.2;1.07;2.4;108;0.0;0;0.009;0.01;0.186;0.186
Q5_54_seed_434813643;8888;Hash Join;7;Outer;;0;14756;73782;12500;1.5999566289881002e-05;4743.09;38475.32;116;0.0;0;35.146;214.622;8889;Seq Scan;8;Outer;;26136;73782;0;0;0.049188;0.0;33394.06;8;1500000.0;0;0.0;0.0;0.0;0.0;8890;Hash;8;Inner;;0;12500;12500;0;1.0;4586.84;4586.84;116;0.0;0;8891;Hash Join;9;Outer;;0;12500;62500;5;0.04;2.46;4586.84;116;0.0;0;0.767;32.632;0.098;0.099
Q5_54_seed_434813643;8891;Hash Join;9;Outer;;0;12500;62500;5;0.04;2.46;4586.84;116;0.0;0;0.879;34.137;8892;Seq Scan;10;Outer;;3600;62500;0;0;0.4166666666666667;0.0;4225.0;8;150000.0;0;0.0;0.0;0.0;0.0;8893;Hash;10;Inner;;0;5;5;0;1.0;2.4;2.4;108;0.0;0;8894;Hash Join;11;Outer;;0;5;25;1;0.2;1.07;2.4;108;0.0;0;0.014;0.014;0.072;0.073
Q5_55_seed_443017674;8908;Hash Join;7;Outer;;0;14612;73059;12500;1.6000219001081317e-05;4743.09;38472.01;116;0.0;0;34.844;214.336;8909;Seq Scan;8;Outer;;26136;73059;0;0;0.048706;0.0;33394.06;8;1500000.0;0;0.0;0.0;0.0;0.0;8910;Hash;8;Inner;;0;12500;12500;0;1.0;4586.84;4586.84;116;0.0;0;8911;Hash Join;9;Outer;;0;12500;62500;5;0.04;2.46;4586.84;116;0.0;0;0.01;32.495;0.078;0.079
Q5_55_seed_443017674;8911;Hash Join;9;Outer;;0;12500;62500;5;0.04;2.46;4586.84;116;0.0;0;0.098;33.926;8912;Seq Scan;10;Outer;;3600;62500;0;0;0.4166666666666667;0.0;4225.0;8;150000.0;0;0.0;0.0;0.0;0.0;8913;Hash;10;Inner;;0;5;5;0;1.0;2.4;2.4;108;0.0;0;8914;Hash Join;11;Outer;;0;5;25;1;0.2;1.07;2.4;108;0.0;0;0.007;0.007;0.058;0.058
Q5_56_seed_451221705;8928;Hash Join;7;Outer;;0;14756;73782;12500;1.5999566289881002e-05;4743.09;38475.32;116;0.0;0;41.281;222.356;8929;Seq Scan;8;Outer;;26136;73782;0;0;0.049188;0.0;33394.06;8;1500000.0;0;0.0;0.0;0.0;0.0;8930;Hash;8;Inner;;0;12500;12500;0;1.0;4586.84;4586.84;116;0.0;0;8931;Hash Join;9;Outer;;0;12500;62500;5;0.04;2.46;4586.84;116;0.0;0;0.013;36.484;0.074;0.075
Q5_56_seed_451221705;8931;Hash Join;9;Outer;;0;12500;62500;5;0.04;2.46;4586.84;116;0.0;0;0.096;37.92;8932;Seq Scan;10;Outer;;3600;62500;0;0;0.4166666666666667;0.0;4225.0;8;150000.0;0;0.0;0.0;0.0;0.0;8933;Hash;10;Inner;;0;5;5;0;1.0;2.4;2.4;108;0.0;0;8934;Hash Join;11;Outer;;0;5;25;1;0.2;1.07;2.4;108;0.0;0;0.012;0.012;0.053;0.053
Q5_58_seed_467629767;8968;Hash Join;7;Outer;;0;14756;73782;12500;1.5999566289881002e-05;4743.09;38475.32;116;0.0;0;38.467;220.357;8969;Seq Scan;8;Outer;;26136;73782;0;0;0.049188;0.0;33394.06;8;1500000.0;0;0.0;0.0;0.0;0.0;8970;Hash;8;Inner;;0;12500;12500;0;1.0;4586.84;4586.84;116;0.0;0;8971;Hash Join;9;Outer;;0;12500;62500;5;0.04;2.46;4586.84;116;0.0;0;0.557;33.767;0.084;0.084
Q5_58_seed_467629767;8971;Hash Join;9;Outer;;0;12500;62500;5;0.04;2.46;4586.84;116;0.0;0;0.652;35.195;8972;Seq Scan;10;Outer;;3600;62500;0;0;0.4166666666666667;0.0;4225.0;8;150000.0;0;0.0;0.0;0.0;0.0;8973;Hash;10;Inner;;0;5;5;0;1.0;2.4;2.4;108;0.0;0;8974;Hash Join;11;Outer;;0;5;25;1;0.2;1.07;2.4;108;0.0;0;0.009;0.009;0.063;0.063
Q5_60_seed_484037829;9028;Hash Join;7;Outer;;0;14756;73782;12500;1.5999566289881002e-05;4743.09;38475.32;116;0.0;0;36.424;216.844;9029;Seq Scan;8;Outer;;26136;73782;0;0;0.049188;0.0;33394.06;8;1500000.0;0;0.0;0.0;0.0;0.0;9030;Hash;8;Inner;;0;12500;12500;0;1.0;4586.84;4586.84;116;0.0;0;9031;Hash Join;9;Outer;;0;12500;62500;5;0.04;2.46;4586.84;116;0.0;0;0.367;32.697;0.127;0.128
Q5_60_seed_484037829;9031;Hash Join;9;Outer;;0;12500;62500;5;0.04;2.46;4586.84;116;0.0;0;0.504;34.704;9032;Seq Scan;10;Outer;;3600;62500;0;0;0.4166666666666667;0.0;4225.0;8;150000.0;0;0.0;0.0;0.0;0.0;9033;Hash;10;Inner;;0;5;5;0;1.0;2.4;2.4;108;0.0;0;9034;Hash Join;11;Outer;;0;5;25;1;0.2;1.07;2.4;108;0.0;0;0.007;0.008;0.109;0.109
Q5_61_seed_492241860;9048;Hash Join;7;Outer;;0;14646;73231;12500;1.599978151329355e-05;4743.09;38472.8;116;0.0;0;34.123;219.785;9049;Seq Scan;8;Outer;;26136;73231;0;0;0.0488206666666666;0.0;33394.06;8;1500000.0;0;0.0;0.0;0.0;0.0;9050;Hash;8;Inner;;0;12500;12500;0;1.0;4586.84;4586.84;116;0.0;0;9051;Hash Join;9;Outer;;0;12500;62500;5;0.04;2.46;4586.84;116;0.0;0;0.015;31.038;0.082;0.083
Q5_61_seed_492241860;9051;Hash Join;9;Outer;;0;12500;62500;5;0.04;2.46;4586.84;116;0.0;0;0.108;32.539;9052;Seq Scan;10;Outer;;3600;62500;0;0;0.4166666666666667;0.0;4225.0;8;150000.0;0;0.0;0.0;0.0;0.0;9053;Hash;10;Inner;;0;5;5;0;1.0;2.4;2.4;108;0.0;0;9054;Hash Join;11;Outer;;0;5;25;1;0.2;1.07;2.4;108;0.0;0;0.012;0.012;0.06;0.06
Q5_62_seed_500445891;9068;Hash Join;7;Outer;;0;14756;73782;12500;1.5999566289881002e-05;4743.09;38475.32;116;0.0;0;43.075;221.757;9069;Seq Scan;8;Outer;;26136;73782;0;0;0.049188;0.0;33394.06;8;1500000.0;0;0.0;0.0;0.0;0.0;9070;Hash;8;Inner;;0;12500;12500;0;1.0;4586.84;4586.84;116;0.0;0;9071;Hash Join;9;Outer;;0;12500;62500;5;0.04;2.46;4586.84;116;0.0;0;0.131;40.485;0.138;0.139
Q5_62_seed_500445891;9071;Hash Join;9;Outer;;0;12500;62500;5;0.04;2.46;4586.84;116;0.0;0;0.28;41.964;9072;Seq Scan;10;Outer;;3600;62500;0;0;0.4166666666666667;0.0;4225.0;8;150000.0;0;0.0;0.0;0.0;0.0;9073;Hash;10;Inner;;0;5;5;0;1.0;2.4;2.4;108;0.0;0;9074;Hash Join;11;Outer;;0;5;25;1;0.2;1.07;2.4;108;0.0;0;0.008;0.009;0.12;0.12
Q5_63_seed_508649922;9088;Hash Join;7;Outer;;0;14646;73231;12500;1.599978151329355e-05;4743.09;38472.8;116;0.0;0;37.933;221.722;9089;Seq Scan;8;Outer;;26136;73231;0;0;0.0488206666666666;0.0;33394.06;8;1500000.0;0;0.0;0.0;0.0;0.0;9090;Hash;8;Inner;;0;12500;12500;0;1.0;4586.84;4586.84;116;0.0;0;9091;Hash Join;9;Outer;;0;12500;62500;5;0.04;2.46;4586.84;116;0.0;0;2.146;33.907;0.178;0.179
Q5_63_seed_508649922;9091;Hash Join;9;Outer;;0;12500;62500;5;0.04;2.46;4586.84;116;0.0;0;2.339;35.596;9092;Seq Scan;10;Outer;;3600;62500;0;0;0.4166666666666667;0.0;4225.0;8;150000.0;0;0.0;0.0;0.0;0.0;9093;Hash;10;Inner;;0;5;5;0;1.0;2.4;2.4;108;0.0;0;9094;Hash Join;11;Outer;;0;5;25;1;0.2;1.07;2.4;108;0.0;0;0.012;0.013;0.153;0.153
Q5_64_seed_516853953;9108;Hash Join;7;Outer;;0;14756;73782;12500;1.5999566289881002e-05;4743.09;38475.32;116;0.0;0;37.978;218.759;9109;Seq Scan;8;Outer;;26136;73782;0;0;0.049188;0.0;33394.06;8;1500000.0;0;0.0;0.0;0.0;0.0;9110;Hash;8;Inner;;0;12500;12500;0;1.0;4586.84;4586.84;116;0.0;0;9111;Hash Join;9;Outer;;0;12500;62500;5;0.04;2.46;4586.84;116;0.0;0;0.197;34.51;0.073;0.074
Q5_64_seed_516853953;9111;Hash Join;9;Outer;;0;12500;62500;5;0.04;2.46;4586.84;116;0.0;0;0.281;35.908;9112;Seq Scan;10;Outer;;3600;62500;0;0;0.4166666666666667;0.0;4225.0;8;150000.0;0;0.0;0.0;0.0;0.0;9113;Hash;10;Inner;;0;5;5;0;1.0;2.4;2.4;108;0.0;0;9114;Hash Join;11;Outer;;0;5;25;1;0.2;1.07;2.4;108;0.0;0;0.007;0.008;0.054;0.054
Q5_66_seed_533262015;9148;Hash Join;7;Outer;;0;14756;73782;12500;1.5999566289881002e-05;4743.09;38475.32;116;0.0;0;31.384;212.723;9149;Seq Scan;8;Outer;;26136;73782;0;0;0.049188;0.0;33394.06;8;1500000.0;0;0.0;0.0;0.0;0.0;9150;Hash;8;Inner;;0;12500;12500;0;1.0;4586.84;4586.84;116;0.0;0;9151;Hash Join;9;Outer;;0;12500;62500;5;0.04;2.46;4586.84;116;0.0;0;0.805;28.555;0.147;0.148
Q5_66_seed_533262015;9151;Hash Join;9;Outer;;0;12500;62500;5;0.04;2.46;4586.84;116;0.0;0;0.964;30.073;9152;Seq Scan;10;Outer;;3600;62500;0;0;0.4166666666666667;0.0;4225.0;8;150000.0;0;0.0;0.0;0.0;0.0;9153;Hash;10;Inner;;0;5;5;0;1.0;2.4;2.4;108;0.0;0;9154;Hash Join;11;Outer;;0;5;25;1;0.2;1.07;2.4;108;0.0;0;0.009;0.009;0.128;0.128
Q5_67_seed_541466046;9168;Hash Join;7;Outer;;0;14646;73231;12500;1.599978151329355e-05;4743.09;38472.8;116;0.0;0;32.135;206.075;9169;Seq Scan;8;Outer;;26136;73231;0;0;0.0488206666666666;0.0;33394.06;8;1500000.0;0;0.0;0.0;0.0;0.0;9170;Hash;8;Inner;;0;12500;12500;0;1.0;4586.84;4586.84;116;0.0;0;9171;Hash Join;9;Outer;;0;12500;62500;5;0.04;2.46;4586.84;116;0.0;0;0.456;29.069;0.093;0.093
Q5_67_seed_541466046;9171;Hash Join;9;Outer;;0;12500;62500;5;0.04;2.46;4586.84;116;0.0;0;0.565;30.994;9172;Seq Scan;10;Outer;;3600;62500;0;0;0.4166666666666667;0.0;4225.0;8;150000.0;0;0.0;0.0;0.0;0.0;9173;Hash;10;Inner;;0;5;5;0;1.0;2.4;2.4;108;0.0;0;9174;Hash Join;11;Outer;;0;5;25;1;0.2;1.07;2.4;108;0.0;0;0.013;0.014;0.063;0.063
Q5_69_seed_557874108;9208;Hash Join;7;Outer;;0;14646;73231;12500;1.599978151329355e-05;4743.09;38472.8;116;0.0;0;32.258;210.546;9209;Seq Scan;8;Outer;;26136;73231;0;0;0.0488206666666666;0.0;33394.06;8;1500000.0;0;0.0;0.0;0.0;0.0;9210;Hash;8;Inner;;0;12500;12500;0;1.0;4586.84;4586.84;116;0.0;0;9211;Hash Join;9;Outer;;0;12500;62500;5;0.04;2.46;4586.84;116;0.0;0;0.011;29.182;0.072;0.073
Q5_69_seed_557874108;9211;Hash Join;9;Outer;;0;12500;62500;5;0.04;2.46;4586.84;116;0.0;0;0.093;30.63;9212;Seq Scan;10;Outer;;3600;62500;0;0;0.4166666666666667;0.0;4225.0;8;150000.0;0;0.0;0.0;0.0;0.0;9213;Hash;10;Inner;;0;5;5;0;1.0;2.4;2.4;108;0.0;0;9214;Hash Join;11;Outer;;0;5;25;1;0.2;1.07;2.4;108;0.0;0;0.008;0.008;0.054;0.054
Q5_6_seed_41020155;9228;Hash Join;7;Outer;;0;14612;73059;12500;1.6000219001081317e-05;4743.09;38472.01;116;0.0;0;35.491;217.948;9229;Seq Scan;8;Outer;;26136;73059;0;0;0.048706;0.0;33394.06;8;1500000.0;0;0.0;0.0;0.0;0.0;9230;Hash;8;Inner;;0;12500;12500;0;1.0;4586.84;4586.84;116;0.0;0;9231;Hash Join;9;Outer;;0;12500;62500;5;0.04;2.46;4586.84;116;0.0;0;0.011;33.05;0.076;0.077
Q5_6_seed_41020155;9231;Hash Join;9;Outer;;0;12500;62500;5;0.04;2.46;4586.84;116;0.0;0;0.098;34.522;9232;Seq Scan;10;Outer;;3600;62500;0;0;0.4166666666666667;0.0;4225.0;8;150000.0;0;0.0;0.0;0.0;0.0;9233;Hash;10;Inner;;0;5;5;0;1.0;2.4;2.4;108;0.0;0;9234;Hash Join;11;Outer;;0;5;25;1;0.2;1.07;2.4;108;0.0;0;0.008;0.009;0.058;0.058
Q5_71_seed_574282170;9268;Hash Join;7;Outer;;0;14646;73231;12500;1.599978151329355e-05;4743.09;38472.8;116;0.0;0;36.602;215.282;9269;Seq Scan;8;Outer;;26136;73231;0;0;0.0488206666666666;0.0;33394.06;8;1500000.0;0;0.0;0.0;0.0;0.0;9270;Hash;8;Inner;;0;12500;12500;0;1.0;4586.84;4586.84;116;0.0;0;9271;Hash Join;9;Outer;;0;12500;62500;5;0.04;2.46;4586.84;116;0.0;0;0.304;34.036;0.103;0.104
Q5_71_seed_574282170;9271;Hash Join;9;Outer;;0;12500;62500;5;0.04;2.46;4586.84;116;0.0;0;0.416;35.539;9272;Seq Scan;10;Outer;;3600;62500;0;0;0.4166666666666667;0.0;4225.0;8;150000.0;0;0.0;0.0;0.0;0.0;9273;Hash;10;Inner;;0;5;5;0;1.0;2.4;2.4;108;0.0;0;9274;Hash Join;11;Outer;;0;5;25;1;0.2;1.07;2.4;108;0.0;0;0.009;0.01;0.085;0.085
Q5_72_seed_582486201;9288;Hash Join;7;Outer;;0;14884;74418;12500;1.600043000349378e-05;4743.09;38478.24;116;0.0;0;38.818;217.86;9289;Seq Scan;8;Outer;;26136;74418;0;0;0.049612;0.0;33394.06;8;1500000.0;0;0.0;0.0;0.0;0.0;9290;Hash;8;Inner;;0;12500;12500;0;1.0;4586.84;4586.84;116;0.0;0;9291;Hash Join;9;Outer;;0;12500;62500;5;0.04;2.46;4586.84;116;0.0;0;2.316;35.872;0.278;0.279
Q5_72_seed_582486201;9291;Hash Join;9;Outer;;0;12500;62500;5;0.04;2.46;4586.84;116;0.0;0;2.605;37.467;9292;Seq Scan;10;Outer;;3600;62500;0;0;0.4166666666666667;0.0;4225.0;8;150000.0;0;0.0;0.0;0.0;0.0;9293;Hash;10;Inner;;0;5;5;0;1.0;2.4;2.4;108;0.0;0;9294;Hash Join;11;Outer;;0;5;25;1;0.2;1.07;2.4;108;0.0;0;0.21;0.21;0.056;0.056
Q5_73_seed_590690232;9308;Hash Join;7;Outer;;0;14646;73231;12500;1.599978151329355e-05;4743.09;38472.8;116;0.0;0;34.837;210.702;9309;Seq Scan;8;Outer;;26136;73231;0;0;0.0488206666666666;0.0;33394.06;8;1500000.0;0;0.0;0.0;0.0;0.0;9310;Hash;8;Inner;;0;12500;12500;0;1.0;4586.84;4586.84;116;0.0;0;9311;Hash Join;9;Outer;;0;12500;62500;5;0.04;2.46;4586.84;116;0.0;0;0.262;32.264;0.27;0.27
Q5_73_seed_590690232;9311;Hash Join;9;Outer;;0;12500;62500;5;0.04;2.46;4586.84;116;0.0;0;0.542;33.901;9312;Seq Scan;10;Outer;;3600;62500;0;0;0.4166666666666667;0.0;4225.0;8;150000.0;0;0.0;0.0;0.0;0.0;9313;Hash;10;Inner;;0;5;5;0;1.0;2.4;2.4;108;0.0;0;9314;Hash Join;11;Outer;;0;5;25;1;0.2;1.07;2.4;108;0.0;0;0.14;0.14;0.12;0.12
Q5_75_seed_607098294;9348;Hash Join;7;Outer;;0;14646;73231;12500;1.599978151329355e-05;4743.09;38472.8;116;0.0;0;35.679;217.699;9349;Seq Scan;8;Outer;;26136;73231;0;0;0.0488206666666666;0.0;33394.06;8;1500000.0;0;0.0;0.0;0.0;0.0;9350;Hash;8;Inner;;0;12500;12500;0;1.0;4586.84;4586.84;116;0.0;0;9351;Hash Join;9;Outer;;0;12500;62500;5;0.04;2.46;4586.84;116;0.0;0;0.273;30.524;0.108;0.109
Q5_75_seed_607098294;9351;Hash Join;9;Outer;;0;12500;62500;5;0.04;2.46;4586.84;116;0.0;0;0.392;32.596;9352;Seq Scan;10;Outer;;3600;62500;0;0;0.4166666666666667;0.0;4225.0;8;150000.0;0;0.0;0.0;0.0;0.0;9353;Hash;10;Inner;;0;5;5;0;1.0;2.4;2.4;108;0.0;0;9354;Hash Join;11;Outer;;0;5;25;1;0.2;1.07;2.4;108;0.0;0;0.007;0.008;0.09;0.09
Q5_76_seed_615302325;9368;Hash Join;7;Outer;;0;14884;74418;12500;1.600043000349378e-05;4743.09;38478.24;116;0.0;0;31.448;213.331;9369;Seq Scan;8;Outer;;26136;74418;0;0;0.049612;0.0;33394.06;8;1500000.0;0;0.0;0.0;0.0;0.0;9370;Hash;8;Inner;;0;12500;12500;0;1.0;4586.84;4586.84;116;0.0;0;9371;Hash Join;9;Outer;;0;12500;62500;5;0.04;2.46;4586.84;116;0.0;0;0.198;27.921;0.067;0.068
Q5_76_seed_615302325;9371;Hash Join;9;Outer;;0;12500;62500;5;0.04;2.46;4586.84;116;0.0;0;0.275;29.343;9372;Seq Scan;10;Outer;;3600;62500;0;0;0.4166666666666667;0.0;4225.0;8;150000.0;0;0.0;0.0;0.0;0.0;9373;Hash;10;Inner;;0;5;5;0;1.0;2.4;2.4;108;0.0;0;9374;Hash Join;11;Outer;;0;5;25;1;0.2;1.07;2.4;108;0.0;0;0.008;0.009;0.051;0.052
Q5_77_seed_623506356;9388;Hash Join;7;Outer;;0;14646;73231;12500;1.599978151329355e-05;4743.09;38472.8;116;0.0;0;42.322;228.186;9389;Seq Scan;8;Outer;;26136;73231;0;0;0.0488206666666666;0.0;33394.06;8;1500000.0;0;0.0;0.0;0.0;0.0;9390;Hash;8;Inner;;0;12500;12500;0;1.0;4586.84;4586.84;116;0.0;0;9391;Hash Join;9;Outer;;0;12500;62500;5;0.04;2.46;4586.84;116;0.0;0;0.013;38.659;0.087;0.088
Q5_77_seed_623506356;9391;Hash Join;9;Outer;;0;12500;62500;5;0.04;2.46;4586.84;116;0.0;0;0.111;40.113;9392;Seq Scan;10;Outer;;3600;62500;0;0;0.4166666666666667;0.0;4225.0;8;150000.0;0;0.0;0.0;0.0;0.0;9393;Hash;10;Inner;;0;5;5;0;1.0;2.4;2.4;108;0.0;0;9394;Hash Join;11;Outer;;0;5;25;1;0.2;1.07;2.4;108;0.0;0;0.011;0.012;0.065;0.065
Q5_78_seed_631710387;9408;Hash Join;7;Outer;;0;14884;74418;12500;1.600043000349378e-05;4743.09;38478.24;116;0.0;0;35.87;213.583;9409;Seq Scan;8;Outer;;26136;74418;0;0;0.049612;0.0;33394.06;8;1500000.0;0;0.0;0.0;0.0;0.0;9410;Hash;8;Inner;;0;12500;12500;0;1.0;4586.84;4586.84;116;0.0;0;9411;Hash Join;9;Outer;;0;12500;62500;5;0.04;2.46;4586.84;116;0.0;0;0.193;32.47;0.118;0.119
Q5_78_seed_631710387;9411;Hash Join;9;Outer;;0;12500;62500;5;0.04;2.46;4586.84;116;0.0;0;0.327;34.005;9412;Seq Scan;10;Outer;;3600;62500;0;0;0.4166666666666667;0.0;4225.0;8;150000.0;0;0.0;0.0;0.0;0.0;9413;Hash;10;Inner;;0;5;5;0;1.0;2.4;2.4;108;0.0;0;9414;Hash Join;11;Outer;;0;5;25;1;0.2;1.07;2.4;108;0.0;0;0.013;0.014;0.095;0.095
Q5_7_seed_49224186;9448;Hash Join;7;Outer;;0;14756;73782;12500;1.5999566289881002e-05;4743.09;38475.32;116;0.0;0;36.426;214.983;9449;Seq Scan;8;Outer;;26136;73782;0;0;0.049188;0.0;33394.06;8;1500000.0;0;0.0;0.0;0.0;0.0;9450;Hash;8;Inner;;0;12500;12500;0;1.0;4586.84;4586.84;116;0.0;0;9451;Hash Join;9;Outer;;0;12500;62500;5;0.04;2.46;4586.84;116;0.0;0;0.232;34.014;0.067;0.068
Q5_7_seed_49224186;9451;Hash Join;9;Outer;;0;12500;62500;5;0.04;2.46;4586.84;116;0.0;0;0.308;35.442;9452;Seq Scan;10;Outer;;3600;62500;0;0;0.4166666666666667;0.0;4225.0;8;150000.0;0;0.0;0.0;0.0;0.0;9453;Hash;10;Inner;;0;5;5;0;1.0;2.4;2.4;108;0.0;0;9454;Hash Join;11;Outer;;0;5;25;1;0.2;1.07;2.4;108;0.0;0;0.006;0.006;0.054;0.054
Q5_80_seed_648118449;9468;Hash Join;7;Outer;;0;14884;74418;12500;1.600043000349378e-05;4743.09;38478.24;116;0.0;0;33.21;207.927;9469;Seq Scan;8;Outer;;26136;74418;0;0;0.049612;0.0;33394.06;8;1500000.0;0;0.0;0.0;0.0;0.0;9470;Hash;8;Inner;;0;12500;12500;0;1.0;4586.84;4586.84;116;0.0;0;9471;Hash Join;9;Outer;;0;12500;62500;5;0.04;2.46;4586.84;116;0.0;0;0.011;30.013;0.131;0.131
Q5_80_seed_648118449;9471;Hash Join;9;Outer;;0;12500;62500;5;0.04;2.46;4586.84;116;0.0;0;0.154;31.532;9472;Seq Scan;10;Outer;;3600;62500;0;0;0.4166666666666667;0.0;4225.0;8;150000.0;0;0.0;0.0;0.0;0.0;9473;Hash;10;Inner;;0;5;5;0;1.0;2.4;2.4;108;0.0;0;9474;Hash Join;11;Outer;;0;5;25;1;0.2;1.07;2.4;108;0.0;0;0.008;0.008;0.112;0.113
Q5_81_seed_656322480;9488;Hash Join;7;Outer;;0;14685;73423;12500;1.600043583073424e-05;4743.09;38473.68;116;0.0;0;39.964;220.487;9489;Seq Scan;8;Outer;;26136;73423;0;0;0.0489486666666666;0.0;33394.06;8;1500000.0;0;0.0;0.0;0.0;0.0;9490;Hash;8;Inner;;0;12500;12500;0;1.0;4586.84;4586.84;116;0.0;0;9491;Hash Join;9;Outer;;0;12500;62500;5;0.04;2.46;4586.84;116;0.0;0;0.013;35.587;0.501;0.502
Q5_81_seed_656322480;9491;Hash Join;9;Outer;;0;12500;62500;5;0.04;2.46;4586.84;116;0.0;0;0.524;37.452;9492;Seq Scan;10;Outer;;3600;62500;0;0;0.4166666666666667;0.0;4225.0;8;150000.0;0;0.0;0.0;0.0;0.0;9493;Hash;10;Inner;;0;5;5;0;1.0;2.4;2.4;108;0.0;0;9494;Hash Join;11;Outer;;0;5;25;1;0.2;1.07;2.4;108;0.0;0;0.008;0.008;0.482;0.483
Q5_82_seed_664526511;9508;Hash Join;7;Outer;;0;14884;74418;12500;1.600043000349378e-05;4743.09;38478.24;116;0.0;0;34.87;216.015;9509;Seq Scan;8;Outer;;26136;74418;0;0;0.049612;0.0;33394.06;8;1500000.0;0;0.0;0.0;0.0;0.0;9510;Hash;8;Inner;;0;12500;12500;0;1.0;4586.84;4586.84;116;0.0;0;9511;Hash Join;9;Outer;;0;12500;62500;5;0.04;2.46;4586.84;116;0.0;0;0.098;31.832;0.081;0.082
Q5_82_seed_664526511;9511;Hash Join;9;Outer;;0;12500;62500;5;0.04;2.46;4586.84;116;0.0;0;0.191;33.31;9512;Seq Scan;10;Outer;;3600;62500;0;0;0.4166666666666667;0.0;4225.0;8;150000.0;0;0.0;0.0;0.0;0.0;9513;Hash;10;Inner;;0;5;5;0;1.0;2.4;2.4;108;0.0;0;9514;Hash Join;11;Outer;;0;5;25;1;0.2;1.07;2.4;108;0.0;0;0.012;0.013;0.057;0.057
Q5_84_seed_680934573;9548;Hash Join;7;Outer;;0;14884;74418;12500;1.600043000349378e-05;4743.09;38478.24;116;0.0;0;38.234;218.188;9549;Seq Scan;8;Outer;;26136;74418;0;0;0.049612;0.0;33394.06;8;1500000.0;0;0.0;0.0;0.0;0.0;9550;Hash;8;Inner;;0;12500;12500;0;1.0;4586.84;4586.84;116;0.0;0;9551;Hash Join;9;Outer;;0;12500;62500;5;0.04;2.46;4586.84;116;0.0;0;0.02;35.817;0.143;0.144
Q5_84_seed_680934573;9551;Hash Join;9;Outer;;0;12500;62500;5;0.04;2.46;4586.84;116;0.0;0;0.172;37.321;9552;Seq Scan;10;Outer;;3600;62500;0;0;0.4166666666666667;0.0;4225.0;8;150000.0;0;0.0;0.0;0.0;0.0;9553;Hash;10;Inner;;0;5;5;0;1.0;2.4;2.4;108;0.0;0;9554;Hash Join;11;Outer;;0;5;25;1;0.2;1.07;2.4;108;0.0;0;0.007;0.008;0.122;0.122
Q5_88_seed_713750697;9628;Hash Join;7;Outer;;0;14884;74418;12500;1.600043000349378e-05;4743.09;38478.24;116;0.0;0;35.13;211.692;9629;Seq Scan;8;Outer;;26136;74418;0;0;0.049612;0.0;33394.06;8;1500000.0;0;0.0;0.0;0.0;0.0;9630;Hash;8;Inner;;0;12500;12500;0;1.0;4586.84;4586.84;116;0.0;0;9631;Hash Join;9;Outer;;0;12500;62500;5;0.04;2.46;4586.84;116;0.0;0;0.039;32.698;0.099;0.1
Q5_88_seed_713750697;9631;Hash Join;9;Outer;;0;12500;62500;5;0.04;2.46;4586.84;116;0.0;0;0.148;34.198;9632;Seq Scan;10;Outer;;3600;62500;0;0;0.4166666666666667;0.0;4225.0;8;150000.0;0;0.0;0.0;0.0;0.0;9633;Hash;10;Inner;;0;5;5;0;1.0;2.4;2.4;108;0.0;0;9634;Hash Join;11;Outer;;0;5;25;1;0.2;1.07;2.4;108;0.0;0;0.008;0.008;0.082;0.082
Q5_89_seed_721954728;9648;Hash Join;7;Outer;;0;14685;73423;12500;1.600043583073424e-05;4743.09;38473.68;116;0.0;0;32.093;208.644;9649;Seq Scan;8;Outer;;26136;73423;0;0;0.0489486666666666;0.0;33394.06;8;1500000.0;0;0.0;0.0;0.0;0.0;9650;Hash;8;Inner;;0;12500;12500;0;1.0;4586.84;4586.84;116;0.0;0;9651;Hash Join;9;Outer;;0;12500;62500;5;0.04;2.46;4586.84;116;0.0;0;0.138;29.667;0.106;0.107
Q5_89_seed_721954728;9651;Hash Join;9;Outer;;0;12500;62500;5;0.04;2.46;4586.84;116;0.0;0;0.26;31.13;9652;Seq Scan;10;Outer;;3600;62500;0;0;0.4166666666666667;0.0;4225.0;8;150000.0;0;0.0;0.0;0.0;0.0;9653;Hash;10;Inner;;0;5;5;0;1.0;2.4;2.4;108;0.0;0;9654;Hash Join;11;Outer;;0;5;25;1;0.2;1.07;2.4;108;0.0;0;0.014;0.015;0.081;0.081
Q5_90_seed_730158759;9688;Hash Join;7;Outer;;0;14612;73059;12500;1.6000219001081317e-05;4743.09;38472.01;116;0.0;0;34.217;216.577;9689;Seq Scan;8;Outer;;26136;73059;0;0;0.048706;0.0;33394.06;8;1500000.0;0;0.0;0.0;0.0;0.0;9690;Hash;8;Inner;;0;12500;12500;0;1.0;4586.84;4586.84;116;0.0;0;9691;Hash Join;9;Outer;;0;12500;62500;5;0.04;2.46;4586.84;116;0.0;0;0.01;31.381;0.077;0.078
Q5_90_seed_730158759;9691;Hash Join;9;Outer;;0;12500;62500;5;0.04;2.46;4586.84;116;0.0;0;0.097;32.795;9692;Seq Scan;10;Outer;;3600;62500;0;0;0.4166666666666667;0.0;4225.0;8;150000.0;0;0.0;0.0;0.0;0.0;9693;Hash;10;Inner;;0;5;5;0;1.0;2.4;2.4;108;0.0;0;9694;Hash Join;11;Outer;;0;5;25;1;0.2;1.07;2.4;108;0.0;0;0.007;0.008;0.058;0.058
Q5_92_seed_746566821;9728;Hash Join;7;Outer;;0;14612;73059;12500;1.6000219001081317e-05;4743.09;38472.01;116;0.0;0;35.947;217.041;9729;Seq Scan;8;Outer;;26136;73059;0;0;0.048706;0.0;33394.06;8;1500000.0;0;0.0;0.0;0.0;0.0;9730;Hash;8;Inner;;0;12500;12500;0;1.0;4586.84;4586.84;116;0.0;0;9731;Hash Join;9;Outer;;0;12500;62500;5;0.04;2.46;4586.84;116;0.0;0;2.948;30.882;0.364;0.365
Q5_92_seed_746566821;9731;Hash Join;9;Outer;;0;12500;62500;5;0.04;2.46;4586.84;116;0.0;0;3.331;32.642;9732;Seq Scan;10;Outer;;3600;62500;0;0;0.4166666666666667;0.0;4225.0;8;150000.0;0;0.0;0.0;0.0;0.0;9733;Hash;10;Inner;;0;5;5;0;1.0;2.4;2.4;108;0.0;0;9734;Hash Join;11;Outer;;0;5;25;1;0.2;1.07;2.4;108;0.0;0;0.014;0.014;0.338;0.338
Q5_93_seed_754770852;9748;Hash Join;7;Outer;;0;14685;73423;12500;1.600043583073424e-05;4743.09;38473.68;116;0.0;0;35.404;215.504;9749;Seq Scan;8;Outer;;26136;73423;0;0;0.0489486666666666;0.0;33394.06;8;1500000.0;0;0.0;0.0;0.0;0.0;9750;Hash;8;Inner;;0;12500;12500;0;1.0;4586.84;4586.84;116;0.0;0;9751;Hash Join;9;Outer;;0;12500;62500;5;0.04;2.46;4586.84;116;0.0;0;1.792;32.06;0.095;0.096
Q5_93_seed_754770852;9751;Hash Join;9;Outer;;0;12500;62500;5;0.04;2.46;4586.84;116;0.0;0;1.901;33.517;9752;Seq Scan;10;Outer;;3600;62500;0;0;0.4166666666666667;0.0;4225.0;8;150000.0;0;0.0;0.0;0.0;0.0;9753;Hash;10;Inner;;0;5;5;0;1.0;2.4;2.4;108;0.0;0;9754;Hash Join;11;Outer;;0;5;25;1;0.2;1.07;2.4;108;0.0;0;0.011;0.012;0.07;0.071
Q5_94_seed_762974883;9768;Hash Join;7;Outer;;0;14612;73059;12500;1.6000219001081317e-05;4743.09;38472.01;116;0.0;0;34.37;216.381;9769;Seq Scan;8;Outer;;26136;73059;0;0;0.048706;0.0;33394.06;8;1500000.0;0;0.0;0.0;0.0;0.0;9770;Hash;8;Inner;;0;12500;12500;0;1.0;4586.84;4586.84;116;0.0;0;9771;Hash Join;9;Outer;;0;12500;62500;5;0.04;2.46;4586.84;116;0.0;0;0.011;31.149;0.069;0.07
Q5_94_seed_762974883;9771;Hash Join;9;Outer;;0;12500;62500;5;0.04;2.46;4586.84;116;0.0;0;0.09;32.569;9772;Seq Scan;10;Outer;;3600;62500;0;0;0.4166666666666667;0.0;4225.0;8;150000.0;0;0.0;0.0;0.0;0.0;9773;Hash;10;Inner;;0;5;5;0;1.0;2.4;2.4;108;0.0;0;9774;Hash Join;11;Outer;;0;5;25;1;0.2;1.07;2.4;108;0.0;0;0.008;0.008;0.052;0.052
Q5_95_seed_771178914;9788;Hash Join;7;Outer;;0;14685;73423;12500;1.600043583073424e-05;4743.09;38473.68;116;0.0;0;36.799;221.311;9789;Seq Scan;8;Outer;;26136;73423;0;0;0.0489486666666666;0.0;33394.06;8;1500000.0;0;0.0;0.0;0.0;0.0;9790;Hash;8;Inner;;0;12500;12500;0;1.0;4586.84;4586.84;116;0.0;0;9791;Hash Join;9;Outer;;0;12500;62500;5;0.04;2.46;4586.84;116;0.0;0;0.1;33.542;0.155;0.155
Q5_95_seed_771178914;9791;Hash Join;9;Outer;;0;12500;62500;5;0.04;2.46;4586.84;116;0.0;0;0.266;35.035;9792;Seq Scan;10;Outer;;3600;62500;0;0;0.4166666666666667;0.0;4225.0;8;150000.0;0;0.0;0.0;0.0;0.0;9793;Hash;10;Inner;;0;5;5;0;1.0;2.4;2.4;108;0.0;0;9794;Hash Join;11;Outer;;0;5;25;1;0.2;1.07;2.4;108;0.0;0;0.008;0.008;0.136;0.136
Q5_96_seed_779382945;9808;Hash Join;7;Outer;;0;14612;73059;12500;1.6000219001081317e-05;4743.09;38472.01;116;0.0;0;40.586;223.582;9809;Seq Scan;8;Outer;;26136;73059;0;0;0.048706;0.0;33394.06;8;1500000.0;0;0.0;0.0;0.0;0.0;9810;Hash;8;Inner;;0;12500;12500;0;1.0;4586.84;4586.84;116;0.0;0;9811;Hash Join;9;Outer;;0;12500;62500;5;0.04;2.46;4586.84;116;0.0;0;0.569;36.212;0.076;0.076
Q5_96_seed_779382945;9811;Hash Join;9;Outer;;0;12500;62500;5;0.04;2.46;4586.84;116;0.0;0;0.655;37.61;9812;Seq Scan;10;Outer;;3600;62500;0;0;0.4166666666666667;0.0;4225.0;8;150000.0;0;0.0;0.0;0.0;0.0;9813;Hash;10;Inner;;0;5;5;0;1.0;2.4;2.4;108;0.0;0;9814;Hash Join;11;Outer;;0;5;25;1;0.2;1.07;2.4;108;0.0;0;0.009;0.01;0.055;0.055
Q5_98_seed_795791007;9848;Hash Join;7;Outer;;0;14612;73059;12500;1.6000219001081317e-05;4743.09;38472.01;116;0.0;0;35.478;215.611;9849;Seq Scan;8;Outer;;26136;73059;0;0;0.048706;0.0;33394.06;8;1500000.0;0;0.0;0.0;0.0;0.0;9850;Hash;8;Inner;;0;12500;12500;0;1.0;4586.84;4586.84;116;0.0;0;9851;Hash Join;9;Outer;;0;12500;62500;5;0.04;2.46;4586.84;116;0.0;0;0.594;32.017;0.38;0.382
Q5_98_seed_795791007;9851;Hash Join;9;Outer;;0;12500;62500;5;0.04;2.46;4586.84;116;0.0;0;0.992;33.814;9852;Seq Scan;10;Outer;;3600;62500;0;0;0.4166666666666667;0.0;4225.0;8;150000.0;0;0.0;0.0;0.0;0.0;9853;Hash;10;Inner;;0;5;5;0;1.0;2.4;2.4;108;0.0;0;9854;Hash Join;11;Outer;;0;5;25;1;0.2;1.07;2.4;108;0.0;0;0.013;0.014;0.354;0.355
Q5_99_seed_803995038;9868;Hash Join;7;Outer;;0;14685;73423;12500;1.600043583073424e-05;4743.09;38473.68;116;0.0;0;35.356;215.748;9869;Seq Scan;8;Outer;;26136;73423;0;0;0.0489486666666666;0.0;33394.06;8;1500000.0;0;0.0;0.0;0.0;0.0;9870;Hash;8;Inner;;0;12500;12500;0;1.0;4586.84;4586.84;116;0.0;0;9871;Hash Join;9;Outer;;0;12500;62500;5;0.04;2.46;4586.84;116;0.0;0;0.158;32.257;0.073;0.073
Q5_99_seed_803995038;9871;Hash Join;9;Outer;;0;12500;62500;5;0.04;2.46;4586.84;116;0.0;0;0.24;33.769;9872;Seq Scan;10;Outer;;3600;62500;0;0;0.4166666666666667;0.0;4225.0;8;150000.0;0;0.0;0.0;0.0;0.0;9873;Hash;10;Inner;;0;5;5;0;1.0;2.4;2.4;108;0.0;0;9874;Hash Join;11;Outer;;0;5;25;1;0.2;1.07;2.4;108;0.0;0;0.008;0.009;0.054;0.054
Q7_100_seed_812199069;10506;Hash Join;5;Outer;;0;38710;483871;5000;1.6000132266657848e-05;4480.77;37431.29;108;0.0;0;38.665;214.496;10507;Seq Scan;6;Outer;;26136;483871;0;0;0.3225806666666667;0.0;30974.71;8;1500000.0;0;0.0;0.0;0.0;0.0;10508;Hash;6;Inner;;0;5000;5000;0;1.0;4418.27;4418.27;108;0.0;0;10509;Hash Join;7;Outer;;0;5000;62500;2;0.04;1.4;4418.27;108;0.0;0;0.131;35.248;0.01;0.011
Q7_101_seed_820403100;10524;Hash Join;5;Outer;;0;38710;483871;5000;1.6000132266657848e-05;4480.77;37431.29;108;0.0;0;35.125;211.721;10525;Seq Scan;6;Outer;;26136;483871;0;0;0.3225806666666667;0.0;30974.71;8;1500000.0;0;0.0;0.0;0.0;0.0;10526;Hash;6;Inner;;0;5000;5000;0;1.0;4418.27;4418.27;108;0.0;0;10527;Hash Join;7;Outer;;0;5000;62500;2;0.04;1.4;4418.27;108;0.0;0;0.013;30.872;0.01;0.01
Q7_102_seed_828607131;10542;Hash Join;5;Outer;;0;38710;483871;5000;1.6000132266657848e-05;4480.77;37431.29;108;0.0;0;35.063;210.635;10543;Seq Scan;6;Outer;;26136;483871;0;0;0.3225806666666667;0.0;30974.71;8;1500000.0;0;0.0;0.0;0.0;0.0;10544;Hash;6;Inner;;0;5000;5000;0;1.0;4418.27;4418.27;108;0.0;0;10545;Hash Join;7;Outer;;0;5000;62500;2;0.04;1.4;4418.27;108;0.0;0;0.202;33.33;0.01;0.01
Q7_103_seed_836811162;10560;Hash Join;5;Outer;;0;38710;483871;5000;1.6000132266657848e-05;4480.77;37431.29;108;0.0;0;36.25;213.628;10561;Seq Scan;6;Outer;;26136;483871;0;0;0.3225806666666667;0.0;30974.71;8;1500000.0;0;0.0;0.0;0.0;0.0;10562;Hash;6;Inner;;0;5000;5000;0;1.0;4418.27;4418.27;108;0.0;0;10563;Hash Join;7;Outer;;0;5000;62500;2;0.04;1.4;4418.27;108;0.0;0;0.012;32.059;0.011;0.011
Q7_104_seed_845015193;10578;Hash Join;5;Outer;;0;38710;483871;5000;1.6000132266657848e-05;4480.77;37431.29;108;0.0;0;34.282;209.881;10579;Seq Scan;6;Outer;;26136;483871;0;0;0.3225806666666667;0.0;30974.71;8;1500000.0;0;0.0;0.0;0.0;0.0;10580;Hash;6;Inner;;0;5000;5000;0;1.0;4418.27;4418.27;108;0.0;0;10581;Hash Join;7;Outer;;0;5000;62500;2;0.04;1.4;4418.27;108;0.0;0;0.209;30.916;0.011;0.011
Q7_105_seed_853219224;10596;Hash Join;5;Outer;;0;38710;483871;5000;1.6000132266657848e-05;4480.77;37431.29;108;0.0;0;38.147;217.07;10597;Seq Scan;6;Outer;;26136;483871;0;0;0.3225806666666667;0.0;30974.71;8;1500000.0;0;0.0;0.0;0.0;0.0;10598;Hash;6;Inner;;0;5000;5000;0;1.0;4418.27;4418.27;108;0.0;0;10599;Hash Join;7;Outer;;0;5000;62500;2;0.04;1.4;4418.27;108;0.0;0;0.021;33.825;0.01;0.01
Q7_108_seed_877831317;10650;Hash Join;5;Outer;;0;38710;483871;5000;1.6000132266657848e-05;4480.77;37431.29;108;0.0;0;36.966;216.044;10651;Seq Scan;6;Outer;;26136;483871;0;0;0.3225806666666667;0.0;30974.71;8;1500000.0;0;0.0;0.0;0.0;0.0;10652;Hash;6;Inner;;0;5000;5000;0;1.0;4418.27;4418.27;108;0.0;0;10653;Hash Join;7;Outer;;0;5000;62500;2;0.04;1.4;4418.27;108;0.0;0;0.194;35.07;0.014;0.014
Q7_109_seed_886035348;10668;Hash Join;5;Outer;;0;38710;483871;5000;1.6000132266657848e-05;4480.77;37431.29;108;0.0;0;32.742;207.729;10669;Seq Scan;6;Outer;;26136;483871;0;0;0.3225806666666667;0.0;30974.71;8;1500000.0;0;0.0;0.0;0.0;0.0;10670;Hash;6;Inner;;0;5000;5000;0;1.0;4418.27;4418.27;108;0.0;0;10671;Hash Join;7;Outer;;0;5000;62500;2;0.04;1.4;4418.27;108;0.0;0;0.158;30.077;0.01;0.01
Q7_10_seed_73836279;10686;Hash Join;5;Outer;;0;38710;483871;5000;1.6000132266657848e-05;4480.77;37431.29;108;0.0;0;37.726;215.605;10687;Seq Scan;6;Outer;;26136;483871;0;0;0.3225806666666667;0.0;30974.71;8;1500000.0;0;0.0;0.0;0.0;0.0;10688;Hash;6;Inner;;0;5000;5000;0;1.0;4418.27;4418.27;108;0.0;0;10689;Hash Join;7;Outer;;0;5000;62500;2;0.04;1.4;4418.27;108;0.0;0;1.662;35.459;0.009;0.01
Q7_110_seed_894239379;10704;Hash Join;5;Outer;;0;38710;483871;5000;1.6000132266657848e-05;4480.77;37431.29;108;0.0;0;37.816;217.469;10705;Seq Scan;6;Outer;;26136;483871;0;0;0.3225806666666667;0.0;30974.71;8;1500000.0;0;0.0;0.0;0.0;0.0;10706;Hash;6;Inner;;0;5000;5000;0;1.0;4418.27;4418.27;108;0.0;0;10707;Hash Join;7;Outer;;0;5000;62500;2;0.04;1.4;4418.27;108;0.0;0;0.185;36.075;0.01;0.01
Q7_111_seed_902443410;10722;Hash Join;5;Outer;;0;38710;483871;5000;1.6000132266657848e-05;4480.77;37431.29;108;0.0;0;38.266;219.329;10723;Seq Scan;6;Outer;;26136;483871;0;0;0.3225806666666667;0.0;30974.71;8;1500000.0;0;0.0;0.0;0.0;0.0;10724;Hash;6;Inner;;0;5000;5000;0;1.0;4418.27;4418.27;108;0.0;0;10725;Hash Join;7;Outer;;0;5000;62500;2;0.04;1.4;4418.27;108;0.0;0;0.179;36.506;0.01;0.01
Q7_112_seed_910647441;10740;Hash Join;5;Outer;;0;38710;483871;5000;1.6000132266657848e-05;4480.77;37431.29;108;0.0;0;38.212;212.58;10741;Seq Scan;6;Outer;;26136;483871;0;0;0.3225806666666667;0.0;30974.71;8;1500000.0;0;0.0;0.0;0.0;0.0;10742;Hash;6;Inner;;0;5000;5000;0;1.0;4418.27;4418.27;108;0.0;0;10743;Hash Join;7;Outer;;0;5000;62500;2;0.04;1.4;4418.27;108;0.0;0;1.29;35.74;0.01;0.01
Q7_113_seed_918851472;10758;Hash Join;5;Outer;;0;38710;483871;5000;1.6000132266657848e-05;4480.77;37431.29;108;0.0;0;36.161;215.163;10759;Seq Scan;6;Outer;;26136;483871;0;0;0.3225806666666667;0.0;30974.71;8;1500000.0;0;0.0;0.0;0.0;0.0;10760;Hash;6;Inner;;0;5000;5000;0;1.0;4418.27;4418.27;108;0.0;0;10761;Hash Join;7;Outer;;0;5000;62500;2;0.04;1.4;4418.27;108;0.0;0;0.011;34.222;0.009;0.01
Q7_115_seed_935259534;10794;Hash Join;5;Outer;;0;38710;483871;5000;1.6000132266657848e-05;4480.77;37431.29;108;0.0;0;35.758;213.55;10795;Seq Scan;6;Outer;;26136;483871;0;0;0.3225806666666667;0.0;30974.71;8;1500000.0;0;0.0;0.0;0.0;0.0;10796;Hash;6;Inner;;0;5000;5000;0;1.0;4418.27;4418.27;108;0.0;0;10797;Hash Join;7;Outer;;0;5000;62500;2;0.04;1.4;4418.27;108;0.0;0;0.009;33.187;0.008;0.009
Q7_117_seed_951667596;10830;Hash Join;5;Outer;;0;38710;483871;5000;1.6000132266657848e-05;4480.77;37431.29;108;0.0;0;32.626;205.649;10831;Seq Scan;6;Outer;;26136;483871;0;0;0.3225806666666667;0.0;30974.71;8;1500000.0;0;0.0;0.0;0.0;0.0;10832;Hash;6;Inner;;0;5000;5000;0;1.0;4418.27;4418.27;108;0.0;0;10833;Hash Join;7;Outer;;0;5000;62500;2;0.04;1.4;4418.27;108;0.0;0;0.592;30.361;0.01;0.01
Q7_118_seed_959871627;10848;Hash Join;5;Outer;;0;38710;483871;5000;1.6000132266657848e-05;4480.77;37431.29;108;0.0;0;37.197;212.733;10849;Seq Scan;6;Outer;;26136;483871;0;0;0.3225806666666667;0.0;30974.71;8;1500000.0;0;0.0;0.0;0.0;0.0;10850;Hash;6;Inner;;0;5000;5000;0;1.0;4418.27;4418.27;108;0.0;0;10851;Hash Join;7;Outer;;0;5000;62500;2;0.04;1.4;4418.27;108;0.0;0;0.155;35.231;0.011;0.011
Q7_119_seed_968075658;10866;Hash Join;5;Outer;;0;38710;483871;5000;1.6000132266657848e-05;4480.77;37431.29;108;0.0;0;32.178;212.582;10867;Seq Scan;6;Outer;;26136;483871;0;0;0.3225806666666667;0.0;30974.71;8;1500000.0;0;0.0;0.0;0.0;0.0;10868;Hash;6;Inner;;0;5000;5000;0;1.0;4418.27;4418.27;108;0.0;0;10869;Hash Join;7;Outer;;0;5000;62500;2;0.04;1.4;4418.27;108;0.0;0;0.158;30.26;0.011;0.012
Q7_11_seed_82040310;10884;Hash Join;5;Outer;;0;38710;483871;5000;1.6000132266657848e-05;4480.77;37431.29;108;0.0;0;35.327;212.535;10885;Seq Scan;6;Outer;;26136;483871;0;0;0.3225806666666667;0.0;30974.71;8;1500000.0;0;0.0;0.0;0.0;0.0;10886;Hash;6;Inner;;0;5000;5000;0;1.0;4418.27;4418.27;108;0.0;0;10887;Hash Join;7;Outer;;0;5000;62500;2;0.04;1.4;4418.27;108;0.0;0;0.212;33.525;0.009;0.009
Q7_121_seed_984483720;10920;Hash Join;5;Outer;;0;38710;483871;5000;1.6000132266657848e-05;4480.77;37431.29;108;0.0;0;37.092;212.971;10921;Seq Scan;6;Outer;;26136;483871;0;0;0.3225806666666667;0.0;30974.71;8;1500000.0;0;0.0;0.0;0.0;0.0;10922;Hash;6;Inner;;0;5000;5000;0;1.0;4418.27;4418.27;108;0.0;0;10923;Hash Join;7;Outer;;0;5000;62500;2;0.04;1.4;4418.27;108;0.0;0;0.407;33.986;0.008;0.009
Q7_122_seed_992687751;10938;Hash Join;5;Outer;;0;38710;483871;5000;1.6000132266657848e-05;4480.77;37431.29;108;0.0;0;37.042;214.118;10939;Seq Scan;6;Outer;;26136;483871;0;0;0.3225806666666667;0.0;30974.71;8;1500000.0;0;0.0;0.0;0.0;0.0;10940;Hash;6;Inner;;0;5000;5000;0;1.0;4418.27;4418.27;108;0.0;0;10941;Hash Join;7;Outer;;0;5000;62500;2;0.04;1.4;4418.27;108;0.0;0;0.954;35.233;0.01;0.011
Q7_123_seed_1000891782;10956;Hash Join;5;Outer;;0;38710;483871;5000;1.6000132266657848e-05;4480.77;37431.29;108;0.0;0;37.616;222.078;10957;Seq Scan;6;Outer;;26136;483871;0;0;0.3225806666666667;0.0;30974.71;8;1500000.0;0;0.0;0.0;0.0;0.0;10958;Hash;6;Inner;;0;5000;5000;0;1.0;4418.27;4418.27;108;0.0;0;10959;Hash Join;7;Outer;;0;5000;62500;2;0.04;1.4;4418.27;108;0.0;0;0.206;34.594;0.007;0.007
Q7_124_seed_1009095813;10974;Hash Join;5;Outer;;0;38710;483871;5000;1.6000132266657848e-05;4480.77;37431.29;108;0.0;0;37.857;216.044;10975;Seq Scan;6;Outer;;26136;483871;0;0;0.3225806666666667;0.0;30974.71;8;1500000.0;0;0.0;0.0;0.0;0.0;10976;Hash;6;Inner;;0;5000;5000;0;1.0;4418.27;4418.27;108;0.0;0;10977;Hash Join;7;Outer;;0;5000;62500;2;0.04;1.4;4418.27;108;0.0;0;0.082;35.377;0.011;0.011
Q7_125_seed_1017299844;10992;Hash Join;5;Outer;;0;38710;483871;5000;1.6000132266657848e-05;4480.77;37431.29;108;0.0;0;36.073;209.847;10993;Seq Scan;6;Outer;;26136;483871;0;0;0.3225806666666667;0.0;30974.71;8;1500000.0;0;0.0;0.0;0.0;0.0;10994;Hash;6;Inner;;0;5000;5000;0;1.0;4418.27;4418.27;108;0.0;0;10995;Hash Join;7;Outer;;0;5000;62500;2;0.04;1.4;4418.27;108;0.0;0;0.296;32.969;0.008;0.008
Q7_126_seed_1025503875;11010;Hash Join;5;Outer;;0;38710;483871;5000;1.6000132266657848e-05;4480.77;37431.29;108;0.0;0;39.193;218.571;11011;Seq Scan;6;Outer;;26136;483871;0;0;0.3225806666666667;0.0;30974.71;8;1500000.0;0;0.0;0.0;0.0;0.0;11012;Hash;6;Inner;;0;5000;5000;0;1.0;4418.27;4418.27;108;0.0;0;11013;Hash Join;7;Outer;;0;5000;62500;2;0.04;1.4;4418.27;108;0.0;0;0.014;35.197;0.009;0.009
Q7_127_seed_1033707906;11028;Hash Join;5;Outer;;0;38710;483871;5000;1.6000132266657848e-05;4480.77;37431.29;108;0.0;0;35.314;215.882;11029;Seq Scan;6;Outer;;26136;483871;0;0;0.3225806666666667;0.0;30974.71;8;1500000.0;0;0.0;0.0;0.0;0.0;11030;Hash;6;Inner;;0;5000;5000;0;1.0;4418.27;4418.27;108;0.0;0;11031;Hash Join;7;Outer;;0;5000;62500;2;0.04;1.4;4418.27;108;0.0;0;0.152;33.659;0.009;0.009
Q7_128_seed_1041911937;11046;Hash Join;5;Outer;;0;38710;483871;5000;1.6000132266657848e-05;4480.77;37431.29;108;0.0;0;33.624;209.354;11047;Seq Scan;6;Outer;;26136;483871;0;0;0.3225806666666667;0.0;30974.71;8;1500000.0;0;0.0;0.0;0.0;0.0;11048;Hash;6;Inner;;0;5000;5000;0;1.0;4418.27;4418.27;108;0.0;0;11049;Hash Join;7;Outer;;0;5000;62500;2;0.04;1.4;4418.27;108;0.0;0;0.01;31.893;0.007;0.007
Q7_12_seed_90244341;11082;Hash Join;5;Outer;;0;38710;483871;5000;1.6000132266657848e-05;4480.77;37431.29;108;0.0;0;35.718;213.684;11083;Seq Scan;6;Outer;;26136;483871;0;0;0.3225806666666667;0.0;30974.71;8;1500000.0;0;0.0;0.0;0.0;0.0;11084;Hash;6;Inner;;0;5000;5000;0;1.0;4418.27;4418.27;108;0.0;0;11085;Hash Join;7;Outer;;0;5000;62500;2;0.04;1.4;4418.27;108;0.0;0;0.165;32.943;0.009;0.009
Q7_130_seed_1058319999;11100;Hash Join;5;Outer;;0;38710;483871;5000;1.6000132266657848e-05;4480.77;37431.29;108;0.0;0;38.719;216.39;11101;Seq Scan;6;Outer;;26136;483871;0;0;0.3225806666666667;0.0;30974.71;8;1500000.0;0;0.0;0.0;0.0;0.0;11102;Hash;6;Inner;;0;5000;5000;0;1.0;4418.27;4418.27;108;0.0;0;11103;Hash Join;7;Outer;;0;5000;62500;2;0.04;1.4;4418.27;108;0.0;0;0.234;35.571;0.008;0.009
Q7_131_seed_1066524030;11118;Hash Join;5;Outer;;0;38710;483871;5000;1.6000132266657848e-05;4480.77;37431.29;108;0.0;0;37.302;216.025;11119;Seq Scan;6;Outer;;26136;483871;0;0;0.3225806666666667;0.0;30974.71;8;1500000.0;0;0.0;0.0;0.0;0.0;11120;Hash;6;Inner;;0;5000;5000;0;1.0;4418.27;4418.27;108;0.0;0;11121;Hash Join;7;Outer;;0;5000;62500;2;0.04;1.4;4418.27;108;0.0;0;0.214;35.266;0.008;0.008
Q7_135_seed_1099340154;11190;Hash Join;5;Outer;;0;38710;483871;5000;1.6000132266657848e-05;4480.77;37431.29;108;0.0;0;37.631;214.332;11191;Seq Scan;6;Outer;;26136;483871;0;0;0.3225806666666667;0.0;30974.71;8;1500000.0;0;0.0;0.0;0.0;0.0;11192;Hash;6;Inner;;0;5000;5000;0;1.0;4418.27;4418.27;108;0.0;0;11193;Hash Join;7;Outer;;0;5000;62500;2;0.04;1.4;4418.27;108;0.0;0;0.119;35.662;0.012;0.013
Q7_136_seed_1107544185;11208;Hash Join;5;Outer;;0;38710;483871;5000;1.6000132266657848e-05;4480.77;37431.29;108;0.0;0;36.931;213.205;11209;Seq Scan;6;Outer;;26136;483871;0;0;0.3225806666666667;0.0;30974.71;8;1500000.0;0;0.0;0.0;0.0;0.0;11210;Hash;6;Inner;;0;5000;5000;0;1.0;4418.27;4418.27;108;0.0;0;11211;Hash Join;7;Outer;;0;5000;62500;2;0.04;1.4;4418.27;108;0.0;0;0.178;34.937;0.009;0.009
Q7_137_seed_1115748216;11226;Hash Join;5;Outer;;0;38710;483871;5000;1.6000132266657848e-05;4480.77;37431.29;108;0.0;0;31.669;213.542;11227;Seq Scan;6;Outer;;26136;483871;0;0;0.3225806666666667;0.0;30974.71;8;1500000.0;0;0.0;0.0;0.0;0.0;11228;Hash;6;Inner;;0;5000;5000;0;1.0;4418.27;4418.27;108;0.0;0;11229;Hash Join;7;Outer;;0;5000;62500;2;0.04;1.4;4418.27;108;0.0;0;0.162;29.831;0.011;0.012
Q7_138_seed_1123952247;11244;Hash Join;5;Outer;;0;38710;483871;5000;1.6000132266657848e-05;4480.77;37431.29;108;0.0;0;36.072;213.453;11245;Seq Scan;6;Outer;;26136;483871;0;0;0.3225806666666667;0.0;30974.71;8;1500000.0;0;0.0;0.0;0.0;0.0;11246;Hash;6;Inner;;0;5000;5000;0;1.0;4418.27;4418.27;108;0.0;0;11247;Hash Join;7;Outer;;0;5000;62500;2;0.04;1.4;4418.27;108;0.0;0;0.491;33.619;0.014;0.015
Q7_13_seed_98448372;11280;Hash Join;5;Outer;;0;38710;483871;5000;1.6000132266657848e-05;4480.77;37431.29;108;0.0;0;38.475;217.023;11281;Seq Scan;6;Outer;;26136;483871;0;0;0.3225806666666667;0.0;30974.71;8;1500000.0;0;0.0;0.0;0.0;0.0;11282;Hash;6;Inner;;0;5000;5000;0;1.0;4418.27;4418.27;108;0.0;0;11283;Hash Join;7;Outer;;0;5000;62500;2;0.04;1.4;4418.27;108;0.0;0;0.198;36.018;0.01;0.01
Q7_140_seed_1140360309;11298;Hash Join;5;Outer;;0;38710;483871;5000;1.6000132266657848e-05;4480.77;37431.29;108;0.0;0;38.604;213.543;11299;Seq Scan;6;Outer;;26136;483871;0;0;0.3225806666666667;0.0;30974.71;8;1500000.0;0;0.0;0.0;0.0;0.0;11300;Hash;6;Inner;;0;5000;5000;0;1.0;4418.27;4418.27;108;0.0;0;11301;Hash Join;7;Outer;;0;5000;62500;2;0.04;1.4;4418.27;108;0.0;0;3.991;35.941;0.01;0.01
Q7_141_seed_1148564340;11316;Hash Join;5;Outer;;0;38710;483871;5000;1.6000132266657848e-05;4480.77;37431.29;108;0.0;0;37.86;217.522;11317;Seq Scan;6;Outer;;26136;483871;0;0;0.3225806666666667;0.0;30974.71;8;1500000.0;0;0.0;0.0;0.0;0.0;11318;Hash;6;Inner;;0;5000;5000;0;1.0;4418.27;4418.27;108;0.0;0;11319;Hash Join;7;Outer;;0;5000;62500;2;0.04;1.4;4418.27;108;0.0;0;0.201;35.127;0.011;0.011
Q7_142_seed_1156768371;11334;Hash Join;5;Outer;;0;38710;483871;5000;1.6000132266657848e-05;4480.77;37431.29;108;0.0;0;35.685;215.353;11335;Seq Scan;6;Outer;;26136;483871;0;0;0.3225806666666667;0.0;30974.71;8;1500000.0;0;0.0;0.0;0.0;0.0;11336;Hash;6;Inner;;0;5000;5000;0;1.0;4418.27;4418.27;108;0.0;0;11337;Hash Join;7;Outer;;0;5000;62500;2;0.04;1.4;4418.27;108;0.0;0;0.012;32.12;0.011;0.012
Q7_143_seed_1164972402;11352;Hash Join;5;Outer;;0;38710;483871;5000;1.6000132266657848e-05;4480.77;37431.29;108;0.0;0;38.953;212.262;11353;Seq Scan;6;Outer;;26136;483871;0;0;0.3225806666666667;0.0;30974.71;8;1500000.0;0;0.0;0.0;0.0;0.0;11354;Hash;6;Inner;;0;5000;5000;0;1.0;4418.27;4418.27;108;0.0;0;11355;Hash Join;7;Outer;;0;5000;62500;2;0.04;1.4;4418.27;108;0.0;0;0.13;35.729;0.01;0.01
Q7_144_seed_1173176433;11370;Hash Join;5;Outer;;0;38710;483871;5000;1.6000132266657848e-05;4480.77;37431.29;108;0.0;0;35.071;207.768;11371;Seq Scan;6;Outer;;26136;483871;0;0;0.3225806666666667;0.0;30974.71;8;1500000.0;0;0.0;0.0;0.0;0.0;11372;Hash;6;Inner;;0;5000;5000;0;1.0;4418.27;4418.27;108;0.0;0;11373;Hash Join;7;Outer;;0;5000;62500;2;0.04;1.4;4418.27;108;0.0;0;0.153;32.603;0.01;0.01
Q7_145_seed_1181380464;11388;Hash Join;5;Outer;;0;38710;483871;5000;1.6000132266657848e-05;4480.77;37431.29;108;0.0;0;37.009;214.119;11389;Seq Scan;6;Outer;;26136;483871;0;0;0.3225806666666667;0.0;30974.71;8;1500000.0;0;0.0;0.0;0.0;0.0;11390;Hash;6;Inner;;0;5000;5000;0;1.0;4418.27;4418.27;108;0.0;0;11391;Hash Join;7;Outer;;0;5000;62500;2;0.04;1.4;4418.27;108;0.0;0;0.202;34.607;0.009;0.009
Q7_146_seed_1189584495;11406;Hash Join;5;Outer;;0;38710;483871;5000;1.6000132266657848e-05;4480.77;37431.29;108;0.0;0;36.236;212.55;11407;Seq Scan;6;Outer;;26136;483871;0;0;0.3225806666666667;0.0;30974.71;8;1500000.0;0;0.0;0.0;0.0;0.0;11408;Hash;6;Inner;;0;5000;5000;0;1.0;4418.27;4418.27;108;0.0;0;11409;Hash Join;7;Outer;;0;5000;62500;2;0.04;1.4;4418.27;108;0.0;0;0.222;34.118;0.01;0.01
Q7_147_seed_1197788526;11424;Hash Join;5;Outer;;0;38710;483871;5000;1.6000132266657848e-05;4480.77;37431.29;108;0.0;0;36.661;214.127;11425;Seq Scan;6;Outer;;26136;483871;0;0;0.3225806666666667;0.0;30974.71;8;1500000.0;0;0.0;0.0;0.0;0.0;11426;Hash;6;Inner;;0;5000;5000;0;1.0;4418.27;4418.27;108;0.0;0;11427;Hash Join;7;Outer;;0;5000;62500;2;0.04;1.4;4418.27;108;0.0;0;0.165;33.912;0.009;0.01
Q7_148_seed_1205992557;11442;Hash Join;5;Outer;;0;38710;483871;5000;1.6000132266657848e-05;4480.77;37431.29;108;0.0;0;36.082;214.08;11443;Seq Scan;6;Outer;;26136;483871;0;0;0.3225806666666667;0.0;30974.71;8;1500000.0;0;0.0;0.0;0.0;0.0;11444;Hash;6;Inner;;0;5000;5000;0;1.0;4418.27;4418.27;108;0.0;0;11445;Hash Join;7;Outer;;0;5000;62500;2;0.04;1.4;4418.27;108;0.0;0;0.307;32.795;0.023;0.023
Q7_149_seed_1214196588;11460;Hash Join;5;Outer;;0;38710;483871;5000;1.6000132266657848e-05;4480.77;37431.29;108;0.0;0;36.844;215.099;11461;Seq Scan;6;Outer;;26136;483871;0;0;0.3225806666666667;0.0;30974.71;8;1500000.0;0;0.0;0.0;0.0;0.0;11462;Hash;6;Inner;;0;5000;5000;0;1.0;4418.27;4418.27;108;0.0;0;11463;Hash Join;7;Outer;;0;5000;62500;2;0.04;1.4;4418.27;108;0.0;0;0.167;34.382;0.009;0.01
Q7_14_seed_106652403;11478;Hash Join;5;Outer;;0;38710;483871;5000;1.6000132266657848e-05;4480.77;37431.29;108;0.0;0;37.526;214.366;11479;Seq Scan;6;Outer;;26136;483871;0;0;0.3225806666666667;0.0;30974.71;8;1500000.0;0;0.0;0.0;0.0;0.0;11480;Hash;6;Inner;;0;5000;5000;0;1.0;4418.27;4418.27;108;0.0;0;11481;Hash Join;7;Outer;;0;5000;62500;2;0.04;1.4;4418.27;108;0.0;0;0.18;35.762;0.011;0.011
Q7_150_seed_1231235959;11496;Hash Join;5;Outer;;0;38710;483871;5000;1.6000132266657848e-05;4480.77;37431.29;108;0.0;0;38.585;219.484;11497;Seq Scan;6;Outer;;26136;483871;0;0;0.3225806666666667;0.0;30974.71;8;1500000.0;0;0.0;0.0;0.0;0.0;11498;Hash;6;Inner;;0;5000;5000;0;1.0;4418.27;4418.27;108;0.0;0;11499;Hash Join;7;Outer;;0;5000;62500;2;0.04;1.4;4418.27;108;0.0;0;0.156;36.733;0.009;0.009
Q7_15_seed_114856434;11514;Hash Join;5;Outer;;0;38710;483871;5000;1.6000132266657848e-05;4480.77;37431.29;108;0.0;0;37.042;210.8;11515;Seq Scan;6;Outer;;26136;483871;0;0;0.3225806666666667;0.0;30974.71;8;1500000.0;0;0.0;0.0;0.0;0.0;11516;Hash;6;Inner;;0;5000;5000;0;1.0;4418.27;4418.27;108;0.0;0;11517;Hash Join;7;Outer;;0;5000;62500;2;0.04;1.4;4418.27;108;0.0;0;0.082;34.147;0.012;0.013
Q7_18_seed_139468527;11568;Hash Join;5;Outer;;0;38710;483871;5000;1.6000132266657848e-05;4480.77;37431.29;108;0.0;0;42.407;220.483;11569;Seq Scan;6;Outer;;26136;483871;0;0;0.3225806666666667;0.0;30974.71;8;1500000.0;0;0.0;0.0;0.0;0.0;11570;Hash;6;Inner;;0;5000;5000;0;1.0;4418.27;4418.27;108;0.0;0;11571;Hash Join;7;Outer;;0;5000;62500;2;0.04;1.4;4418.27;108;0.0;0;0.216;40.163;0.009;0.009
Q7_19_seed_147672558;11586;Hash Join;5;Outer;;0;38710;483871;5000;1.6000132266657848e-05;4480.77;37431.29;108;0.0;0;37.707;211.048;11587;Seq Scan;6;Outer;;26136;483871;0;0;0.3225806666666667;0.0;30974.71;8;1500000.0;0;0.0;0.0;0.0;0.0;11588;Hash;6;Inner;;0;5000;5000;0;1.0;4418.27;4418.27;108;0.0;0;11589;Hash Join;7;Outer;;0;5000;62500;2;0.04;1.4;4418.27;108;0.0;0;0.09;35.062;0.009;0.009
Q7_1_seed_0101000000;11604;Hash Join;5;Outer;;0;38710;483871;5000;1.6000132266657848e-05;4480.77;37431.29;108;0.0;0;36.431;212.139;11605;Seq Scan;6;Outer;;26136;483871;0;0;0.3225806666666667;0.0;30974.71;8;1500000.0;0;0.0;0.0;0.0;0.0;11606;Hash;6;Inner;;0;5000;5000;0;1.0;4418.27;4418.27;108;0.0;0;11607;Hash Join;7;Outer;;0;5000;62500;2;0.04;1.4;4418.27;108;0.0;0;0.114;31.212;0.012;0.013
Q7_20_seed_155876589;11622;Hash Join;5;Outer;;0;38710;483871;5000;1.6000132266657848e-05;4480.77;37431.29;108;0.0;0;34.604;213.706;11623;Seq Scan;6;Outer;;26136;483871;0;0;0.3225806666666667;0.0;30974.71;8;1500000.0;0;0.0;0.0;0.0;0.0;11624;Hash;6;Inner;;0;5000;5000;0;1.0;4418.27;4418.27;108;0.0;0;11625;Hash Join;7;Outer;;0;5000;62500;2;0.04;1.4;4418.27;108;0.0;0;0.715;32.542;0.01;0.01
Q7_21_seed_164080620;11640;Hash Join;5;Outer;;0;38710;483871;5000;1.6000132266657848e-05;4480.77;37431.29;108;0.0;0;34.725;210.192;11641;Seq Scan;6;Outer;;26136;483871;0;0;0.3225806666666667;0.0;30974.71;8;1500000.0;0;0.0;0.0;0.0;0.0;11642;Hash;6;Inner;;0;5000;5000;0;1.0;4418.27;4418.27;108;0.0;0;11643;Hash Join;7;Outer;;0;5000;62500;2;0.04;1.4;4418.27;108;0.0;0;0.168;32.986;0.01;0.011
Q7_22_seed_172284651;11658;Hash Join;5;Outer;;0;38710;483871;5000;1.6000132266657848e-05;4480.77;37431.29;108;0.0;0;32.847;208.308;11659;Seq Scan;6;Outer;;26136;483871;0;0;0.3225806666666667;0.0;30974.71;8;1500000.0;0;0.0;0.0;0.0;0.0;11660;Hash;6;Inner;;0;5000;5000;0;1.0;4418.27;4418.27;108;0.0;0;11661;Hash Join;7;Outer;;0;5000;62500;2;0.04;1.4;4418.27;108;0.0;0;0.162;30.146;0.008;0.009
Q7_23_seed_180488682;11676;Hash Join;5;Outer;;0;38710;483871;5000;1.6000132266657848e-05;4480.77;37431.29;108;0.0;0;35.614;211.283;11677;Seq Scan;6;Outer;;26136;483871;0;0;0.3225806666666667;0.0;30974.71;8;1500000.0;0;0.0;0.0;0.0;0.0;11678;Hash;6;Inner;;0;5000;5000;0;1.0;4418.27;4418.27;108;0.0;0;11679;Hash Join;7;Outer;;0;5000;62500;2;0.04;1.4;4418.27;108;0.0;0;1.167;33.299;0.009;0.009
Q7_27_seed_213304806;11748;Hash Join;5;Outer;;0;38710;483871;5000;1.6000132266657848e-05;4480.77;37431.29;108;0.0;0;35.818;211.567;11749;Seq Scan;6;Outer;;26136;483871;0;0;0.3225806666666667;0.0;30974.71;8;1500000.0;0;0.0;0.0;0.0;0.0;11750;Hash;6;Inner;;0;5000;5000;0;1.0;4418.27;4418.27;108;0.0;0;11751;Hash Join;7;Outer;;0;5000;62500;2;0.04;1.4;4418.27;108;0.0;0;1.178;33.958;0.009;0.009
Q7_28_seed_221508837;11766;Hash Join;5;Outer;;0;38710;483871;5000;1.6000132266657848e-05;4480.77;37431.29;108;0.0;0;38.021;214.616;11767;Seq Scan;6;Outer;;26136;483871;0;0;0.3225806666666667;0.0;30974.71;8;1500000.0;0;0.0;0.0;0.0;0.0;11768;Hash;6;Inner;;0;5000;5000;0;1.0;4418.27;4418.27;108;0.0;0;11769;Hash Join;7;Outer;;0;5000;62500;2;0.04;1.4;4418.27;108;0.0;0;0.794;35.962;0.009;0.009
Q7_29_seed_229712868;11784;Hash Join;5;Outer;;0;38710;483871;5000;1.6000132266657848e-05;4480.77;37431.29;108;0.0;0;36.733;212.898;11785;Seq Scan;6;Outer;;26136;483871;0;0;0.3225806666666667;0.0;30974.71;8;1500000.0;0;0.0;0.0;0.0;0.0;11786;Hash;6;Inner;;0;5000;5000;0;1.0;4418.27;4418.27;108;0.0;0;11787;Hash Join;7;Outer;;0;5000;62500;2;0.04;1.4;4418.27;108;0.0;0;0.533;34.384;0.008;0.009
Q7_2_seed_8204031;11802;Hash Join;5;Outer;;0;38710;483871;5000;1.6000132266657848e-05;4480.77;37431.29;108;0.0;0;37.434;214.432;11803;Seq Scan;6;Outer;;26136;483871;0;0;0.3225806666666667;0.0;30974.71;8;1500000.0;0;0.0;0.0;0.0;0.0;11804;Hash;6;Inner;;0;5000;5000;0;1.0;4418.27;4418.27;108;0.0;0;11805;Hash Join;7;Outer;;0;5000;62500;2;0.04;1.4;4418.27;108;0.0;0;0.011;35.012;0.009;0.009
Q7_30_seed_237916899;11820;Hash Join;5;Outer;;0;38710;483871;5000;1.6000132266657848e-05;4480.77;37431.29;108;0.0;0;37.965;214.629;11821;Seq Scan;6;Outer;;26136;483871;0;0;0.3225806666666667;0.0;30974.71;8;1500000.0;0;0.0;0.0;0.0;0.0;11822;Hash;6;Inner;;0;5000;5000;0;1.0;4418.27;4418.27;108;0.0;0;11823;Hash Join;7;Outer;;0;5000;62500;2;0.04;1.4;4418.27;108;0.0;0;0.178;35.474;0.01;0.01
Q7_31_seed_246120930;11838;Hash Join;5;Outer;;0;38710;483871;5000;1.6000132266657848e-05;4480.77;37431.29;108;0.0;0;40.3;217.419;11839;Seq Scan;6;Outer;;26136;483871;0;0;0.3225806666666667;0.0;30974.71;8;1500000.0;0;0.0;0.0;0.0;0.0;11840;Hash;6;Inner;;0;5000;5000;0;1.0;4418.27;4418.27;108;0.0;0;11841;Hash Join;7;Outer;;0;5000;62500;2;0.04;1.4;4418.27;108;0.0;0;0.209;37.556;0.013;0.013
Q7_32_seed_254324961;11856;Hash Join;5;Outer;;0;38710;483871;5000;1.6000132266657848e-05;4480.77;37431.29;108;0.0;0;34.441;208.728;11857;Seq Scan;6;Outer;;26136;483871;0;0;0.3225806666666667;0.0;30974.71;8;1500000.0;0;0.0;0.0;0.0;0.0;11858;Hash;6;Inner;;0;5000;5000;0;1.0;4418.27;4418.27;108;0.0;0;11859;Hash Join;7;Outer;;0;5000;62500;2;0.04;1.4;4418.27;108;0.0;0;0.621;31.757;0.009;0.009
Q7_33_seed_262528992;11874;Hash Join;5;Outer;;0;38710;483871;5000;1.6000132266657848e-05;4480.77;37431.29;108;0.0;0;36.33;214.0;11875;Seq Scan;6;Outer;;26136;483871;0;0;0.3225806666666667;0.0;30974.71;8;1500000.0;0;0.0;0.0;0.0;0.0;11876;Hash;6;Inner;;0;5000;5000;0;1.0;4418.27;4418.27;108;0.0;0;11877;Hash Join;7;Outer;;0;5000;62500;2;0.04;1.4;4418.27;108;0.0;0;0.348;34.51;0.009;0.01
Q7_34_seed_270733023;11892;Hash Join;5;Outer;;0;38710;483871;5000;1.6000132266657848e-05;4480.77;37431.29;108;0.0;0;37.906;216.123;11893;Seq Scan;6;Outer;;26136;483871;0;0;0.3225806666666667;0.0;30974.71;8;1500000.0;0;0.0;0.0;0.0;0.0;11894;Hash;6;Inner;;0;5000;5000;0;1.0;4418.27;4418.27;108;0.0;0;11895;Hash Join;7;Outer;;0;5000;62500;2;0.04;1.4;4418.27;108;0.0;0;0.825;35.352;0.012;0.012
Q7_35_seed_278937054;11910;Hash Join;5;Outer;;0;38710;483871;5000;1.6000132266657848e-05;4480.77;37431.29;108;0.0;0;34.227;210.885;11911;Seq Scan;6;Outer;;26136;483871;0;0;0.3225806666666667;0.0;30974.71;8;1500000.0;0;0.0;0.0;0.0;0.0;11912;Hash;6;Inner;;0;5000;5000;0;1.0;4418.27;4418.27;108;0.0;0;11913;Hash Join;7;Outer;;0;5000;62500;2;0.04;1.4;4418.27;108;0.0;0;0.011;29.96;0.01;0.01
Q7_36_seed_287141085;11928;Hash Join;5;Outer;;0;38710;483871;5000;1.6000132266657848e-05;4480.77;37431.29;108;0.0;0;34.561;211.745;11929;Seq Scan;6;Outer;;26136;483871;0;0;0.3225806666666667;0.0;30974.71;8;1500000.0;0;0.0;0.0;0.0;0.0;11930;Hash;6;Inner;;0;5000;5000;0;1.0;4418.27;4418.27;108;0.0;0;11931;Hash Join;7;Outer;;0;5000;62500;2;0.04;1.4;4418.27;108;0.0;0;0.145;32.224;0.008;0.008
Q7_37_seed_295345116;11946;Hash Join;5;Outer;;0;38710;483871;5000;1.6000132266657848e-05;4480.77;37431.29;108;0.0;0;38.011;215.455;11947;Seq Scan;6;Outer;;26136;483871;0;0;0.3225806666666667;0.0;30974.71;8;1500000.0;0;0.0;0.0;0.0;0.0;11948;Hash;6;Inner;;0;5000;5000;0;1.0;4418.27;4418.27;108;0.0;0;11949;Hash Join;7;Outer;;0;5000;62500;2;0.04;1.4;4418.27;108;0.0;0;0.163;34.312;0.011;0.012
Q7_38_seed_303549147;11964;Hash Join;5;Outer;;0;38710;483871;5000;1.6000132266657848e-05;4480.77;37431.29;108;0.0;0;35.032;211.814;11965;Seq Scan;6;Outer;;26136;483871;0;0;0.3225806666666667;0.0;30974.71;8;1500000.0;0;0.0;0.0;0.0;0.0;11966;Hash;6;Inner;;0;5000;5000;0;1.0;4418.27;4418.27;108;0.0;0;11967;Hash Join;7;Outer;;0;5000;62500;2;0.04;1.4;4418.27;108;0.0;0;0.217;33.331;0.01;0.01
Q7_39_seed_311753178;11982;Hash Join;5;Outer;;0;38710;483871;5000;1.6000132266657848e-05;4480.77;37431.29;108;0.0;0;36.611;213.653;11983;Seq Scan;6;Outer;;26136;483871;0;0;0.3225806666666667;0.0;30974.71;8;1500000.0;0;0.0;0.0;0.0;0.0;11984;Hash;6;Inner;;0;5000;5000;0;1.0;4418.27;4418.27;108;0.0;0;11985;Hash Join;7;Outer;;0;5000;62500;2;0.04;1.4;4418.27;108;0.0;0;0.191;33.726;0.01;0.01
Q7_3_seed_16408062;12000;Hash Join;5;Outer;;0;38710;483871;5000;1.6000132266657848e-05;4480.77;37431.29;108;0.0;0;36.11;214.218;12001;Seq Scan;6;Outer;;26136;483871;0;0;0.3225806666666667;0.0;30974.71;8;1500000.0;0;0.0;0.0;0.0;0.0;12002;Hash;6;Inner;;0;5000;5000;0;1.0;4418.27;4418.27;108;0.0;0;12003;Hash Join;7;Outer;;0;5000;62500;2;0.04;1.4;4418.27;108;0.0;0;0.158;33.906;0.009;0.01
Q7_41_seed_328161240;12036;Hash Join;5;Outer;;0;38710;483871;5000;1.6000132266657848e-05;4480.77;37431.29;108;0.0;0;38.133;216.089;12037;Seq Scan;6;Outer;;26136;483871;0;0;0.3225806666666667;0.0;30974.71;8;1500000.0;0;0.0;0.0;0.0;0.0;12038;Hash;6;Inner;;0;5000;5000;0;1.0;4418.27;4418.27;108;0.0;0;12039;Hash Join;7;Outer;;0;5000;62500;2;0.04;1.4;4418.27;108;0.0;0;0.118;35.36;0.009;0.009
Q7_43_seed_344569302;12072;Hash Join;5;Outer;;0;38710;483871;5000;1.6000132266657848e-05;4480.77;37431.29;108;0.0;0;33.16;212.508;12073;Seq Scan;6;Outer;;26136;483871;0;0;0.3225806666666667;0.0;30974.71;8;1500000.0;0;0.0;0.0;0.0;0.0;12074;Hash;6;Inner;;0;5000;5000;0;1.0;4418.27;4418.27;108;0.0;0;12075;Hash Join;7;Outer;;0;5000;62500;2;0.04;1.4;4418.27;108;0.0;0;0.011;31.438;0.01;0.01
Q7_44_seed_352773333;12090;Hash Join;5;Outer;;0;38710;483871;5000;1.6000132266657848e-05;4480.77;37431.29;108;0.0;0;35.267;216.778;12091;Seq Scan;6;Outer;;26136;483871;0;0;0.3225806666666667;0.0;30974.71;8;1500000.0;0;0.0;0.0;0.0;0.0;12092;Hash;6;Inner;;0;5000;5000;0;1.0;4418.27;4418.27;108;0.0;0;12093;Hash Join;7;Outer;;0;5000;62500;2;0.04;1.4;4418.27;108;0.0;0;0.633;33.593;0.01;0.011
Q7_45_seed_360977364;12108;Hash Join;5;Outer;;0;38710;483871;5000;1.6000132266657848e-05;4480.77;37431.29;108;0.0;0;39.205;216.148;12109;Seq Scan;6;Outer;;26136;483871;0;0;0.3225806666666667;0.0;30974.71;8;1500000.0;0;0.0;0.0;0.0;0.0;12110;Hash;6;Inner;;0;5000;5000;0;1.0;4418.27;4418.27;108;0.0;0;12111;Hash Join;7;Outer;;0;5000;62500;2;0.04;1.4;4418.27;108;0.0;0;2.625;37.224;0.011;0.011
Q7_46_seed_369181395;12126;Hash Join;5;Outer;;0;38710;483871;5000;1.6000132266657848e-05;4480.77;37431.29;108;0.0;0;37.565;218.435;12127;Seq Scan;6;Outer;;26136;483871;0;0;0.3225806666666667;0.0;30974.71;8;1500000.0;0;0.0;0.0;0.0;0.0;12128;Hash;6;Inner;;0;5000;5000;0;1.0;4418.27;4418.27;108;0.0;0;12129;Hash Join;7;Outer;;0;5000;62500;2;0.04;1.4;4418.27;108;0.0;0;0.148;35.544;0.009;0.009
Q7_47_seed_377385426;12144;Hash Join;5;Outer;;0;38710;483871;5000;1.6000132266657848e-05;4480.77;37431.29;108;0.0;0;36.055;209.826;12145;Seq Scan;6;Outer;;26136;483871;0;0;0.3225806666666667;0.0;30974.71;8;1500000.0;0;0.0;0.0;0.0;0.0;12146;Hash;6;Inner;;0;5000;5000;0;1.0;4418.27;4418.27;108;0.0;0;12147;Hash Join;7;Outer;;0;5000;62500;2;0.04;1.4;4418.27;108;0.0;0;0.244;34.293;0.009;0.009
Q7_48_seed_385589457;12162;Hash Join;5;Outer;;0;38710;483871;5000;1.6000132266657848e-05;4480.77;37431.29;108;0.0;0;37.243;215.396;12163;Seq Scan;6;Outer;;26136;483871;0;0;0.3225806666666667;0.0;30974.71;8;1500000.0;0;0.0;0.0;0.0;0.0;12164;Hash;6;Inner;;0;5000;5000;0;1.0;4418.27;4418.27;108;0.0;0;12165;Hash Join;7;Outer;;0;5000;62500;2;0.04;1.4;4418.27;108;0.0;0;0.012;33.733;0.009;0.01
Q7_49_seed_393793488;12180;Hash Join;5;Outer;;0;38710;483871;5000;1.6000132266657848e-05;4480.77;37431.29;108;0.0;0;35.637;210.917;12181;Seq Scan;6;Outer;;26136;483871;0;0;0.3225806666666667;0.0;30974.71;8;1500000.0;0;0.0;0.0;0.0;0.0;12182;Hash;6;Inner;;0;5000;5000;0;1.0;4418.27;4418.27;108;0.0;0;12183;Hash Join;7;Outer;;0;5000;62500;2;0.04;1.4;4418.27;108;0.0;0;0.127;33.354;0.01;0.01
Q7_4_seed_24612093;12198;Hash Join;5;Outer;;0;38710;483871;5000;1.6000132266657848e-05;4480.77;37431.29;108;0.0;0;37.18;213.68;12199;Seq Scan;6;Outer;;26136;483871;0;0;0.3225806666666667;0.0;30974.71;8;1500000.0;0;0.0;0.0;0.0;0.0;12200;Hash;6;Inner;;0;5000;5000;0;1.0;4418.27;4418.27;108;0.0;0;12201;Hash Join;7;Outer;;0;5000;62500;2;0.04;1.4;4418.27;108;0.0;0;0.195;35.369;0.011;0.012
Q7_51_seed_410201550;12234;Hash Join;5;Outer;;0;38710;483871;5000;1.6000132266657848e-05;4480.77;37431.29;108;0.0;0;36.507;216.197;12235;Seq Scan;6;Outer;;26136;483871;0;0;0.3225806666666667;0.0;30974.71;8;1500000.0;0;0.0;0.0;0.0;0.0;12236;Hash;6;Inner;;0;5000;5000;0;1.0;4418.27;4418.27;108;0.0;0;12237;Hash Join;7;Outer;;0;5000;62500;2;0.04;1.4;4418.27;108;0.0;0;0.016;33.578;0.015;0.015
Q7_52_seed_418405581;12252;Hash Join;5;Outer;;0;38710;483871;5000;1.6000132266657848e-05;4480.77;37431.29;108;0.0;0;38.893;213.954;12253;Seq Scan;6;Outer;;26136;483871;0;0;0.3225806666666667;0.0;30974.71;8;1500000.0;0;0.0;0.0;0.0;0.0;12254;Hash;6;Inner;;0;5000;5000;0;1.0;4418.27;4418.27;108;0.0;0;12255;Hash Join;7;Outer;;0;5000;62500;2;0.04;1.4;4418.27;108;0.0;0;0.082;36.4;0.014;0.014
Q7_53_seed_426609612;12270;Hash Join;5;Outer;;0;38710;483871;5000;1.6000132266657848e-05;4480.77;37431.29;108;0.0;0;38.475;214.482;12271;Seq Scan;6;Outer;;26136;483871;0;0;0.3225806666666667;0.0;30974.71;8;1500000.0;0;0.0;0.0;0.0;0.0;12272;Hash;6;Inner;;0;5000;5000;0;1.0;4418.27;4418.27;108;0.0;0;12273;Hash Join;7;Outer;;0;5000;62500;2;0.04;1.4;4418.27;108;0.0;0;0.925;35.834;0.01;0.01
Q7_55_seed_443017674;12306;Hash Join;5;Outer;;0;38710;483871;5000;1.6000132266657848e-05;4480.77;37431.29;108;0.0;0;37.861;217.389;12307;Seq Scan;6;Outer;;26136;483871;0;0;0.3225806666666667;0.0;30974.71;8;1500000.0;0;0.0;0.0;0.0;0.0;12308;Hash;6;Inner;;0;5000;5000;0;1.0;4418.27;4418.27;108;0.0;0;12309;Hash Join;7;Outer;;0;5000;62500;2;0.04;1.4;4418.27;108;0.0;0;0.195;35.288;0.01;0.01
Q7_56_seed_451221705;12324;Hash Join;5;Outer;;0;38710;483871;5000;1.6000132266657848e-05;4480.77;37431.29;108;0.0;0;35.886;213.429;12325;Seq Scan;6;Outer;;26136;483871;0;0;0.3225806666666667;0.0;30974.71;8;1500000.0;0;0.0;0.0;0.0;0.0;12326;Hash;6;Inner;;0;5000;5000;0;1.0;4418.27;4418.27;108;0.0;0;12327;Hash Join;7;Outer;;0;5000;62500;2;0.04;1.4;4418.27;108;0.0;0;0.515;33.946;0.009;0.009
Q7_57_seed_459425736;12342;Hash Join;5;Outer;;0;38710;483871;5000;1.6000132266657848e-05;4480.77;37431.29;108;0.0;0;37.3;222.58;12343;Seq Scan;6;Outer;;26136;483871;0;0;0.3225806666666667;0.0;30974.71;8;1500000.0;0;0.0;0.0;0.0;0.0;12344;Hash;6;Inner;;0;5000;5000;0;1.0;4418.27;4418.27;108;0.0;0;12345;Hash Join;7;Outer;;0;5000;62500;2;0.04;1.4;4418.27;108;0.0;0;0.201;35.128;0.009;0.01
Q7_58_seed_467629767;12360;Hash Join;5;Outer;;0;38710;483871;5000;1.6000132266657848e-05;4480.77;37431.29;108;0.0;0;35.188;213.067;12361;Seq Scan;6;Outer;;26136;483871;0;0;0.3225806666666667;0.0;30974.71;8;1500000.0;0;0.0;0.0;0.0;0.0;12362;Hash;6;Inner;;0;5000;5000;0;1.0;4418.27;4418.27;108;0.0;0;12363;Hash Join;7;Outer;;0;5000;62500;2;0.04;1.4;4418.27;108;0.0;0;0.149;33.467;0.009;0.01
Q7_59_seed_475833798;12378;Hash Join;5;Outer;;0;38710;483871;5000;1.6000132266657848e-05;4480.77;37431.29;108;0.0;0;36.889;213.021;12379;Seq Scan;6;Outer;;26136;483871;0;0;0.3225806666666667;0.0;30974.71;8;1500000.0;0;0.0;0.0;0.0;0.0;12380;Hash;6;Inner;;0;5000;5000;0;1.0;4418.27;4418.27;108;0.0;0;12381;Hash Join;7;Outer;;0;5000;62500;2;0.04;1.4;4418.27;108;0.0;0;0.598;34.352;0.009;0.01
Q7_5_seed_32816124;12396;Hash Join;5;Outer;;0;38710;483871;5000;1.6000132266657848e-05;4480.77;37431.29;108;0.0;0;36.67;215.683;12397;Seq Scan;6;Outer;;26136;483871;0;0;0.3225806666666667;0.0;30974.71;8;1500000.0;0;0.0;0.0;0.0;0.0;12398;Hash;6;Inner;;0;5000;5000;0;1.0;4418.27;4418.27;108;0.0;0;12399;Hash Join;7;Outer;;0;5000;62500;2;0.04;1.4;4418.27;108;0.0;0;0.25;34.625;0.011;0.011
Q7_61_seed_492241860;12432;Hash Join;5;Outer;;0;38710;483871;5000;1.6000132266657848e-05;4480.77;37431.29;108;0.0;0;36.621;211.316;12433;Seq Scan;6;Outer;;26136;483871;0;0;0.3225806666666667;0.0;30974.71;8;1500000.0;0;0.0;0.0;0.0;0.0;12434;Hash;6;Inner;;0;5000;5000;0;1.0;4418.27;4418.27;108;0.0;0;12435;Hash Join;7;Outer;;0;5000;62500;2;0.04;1.4;4418.27;108;0.0;0;0.668;34.213;0.008;0.009
Q7_62_seed_500445891;12450;Hash Join;5;Outer;;0;38710;483871;5000;1.6000132266657848e-05;4480.77;37431.29;108;0.0;0;37.703;213.329;12451;Seq Scan;6;Outer;;26136;483871;0;0;0.3225806666666667;0.0;30974.71;8;1500000.0;0;0.0;0.0;0.0;0.0;12452;Hash;6;Inner;;0;5000;5000;0;1.0;4418.27;4418.27;108;0.0;0;12453;Hash Join;7;Outer;;0;5000;62500;2;0.04;1.4;4418.27;108;0.0;0;0.013;34.458;0.008;0.008
Q7_63_seed_508649922;12468;Hash Join;5;Outer;;0;38710;483871;5000;1.6000132266657848e-05;4480.77;37431.29;108;0.0;0;37.261;224.636;12469;Seq Scan;6;Outer;;26136;483871;0;0;0.3225806666666667;0.0;30974.71;8;1500000.0;0;0.0;0.0;0.0;0.0;12470;Hash;6;Inner;;0;5000;5000;0;1.0;4418.27;4418.27;108;0.0;0;12471;Hash Join;7;Outer;;0;5000;62500;2;0.04;1.4;4418.27;108;0.0;0;0.441;34.65;0.008;0.009
Q7_64_seed_516853953;12486;Hash Join;5;Outer;;0;38710;483871;5000;1.6000132266657848e-05;4480.77;37431.29;108;0.0;0;35.442;211.489;12487;Seq Scan;6;Outer;;26136;483871;0;0;0.3225806666666667;0.0;30974.71;8;1500000.0;0;0.0;0.0;0.0;0.0;12488;Hash;6;Inner;;0;5000;5000;0;1.0;4418.27;4418.27;108;0.0;0;12489;Hash Join;7;Outer;;0;5000;62500;2;0.04;1.4;4418.27;108;0.0;0;0.576;33.141;0.013;0.013
Q7_65_seed_525057984;12504;Hash Join;5;Outer;;0;38710;483871;5000;1.6000132266657848e-05;4480.77;37431.29;108;0.0;0;37.345;217.195;12505;Seq Scan;6;Outer;;26136;483871;0;0;0.3225806666666667;0.0;30974.71;8;1500000.0;0;0.0;0.0;0.0;0.0;12506;Hash;6;Inner;;0;5000;5000;0;1.0;4418.27;4418.27;108;0.0;0;12507;Hash Join;7;Outer;;0;5000;62500;2;0.04;1.4;4418.27;108;0.0;0;1.577;34.836;0.012;0.012
Q7_66_seed_533262015;12522;Hash Join;5;Outer;;0;38710;483871;5000;1.6000132266657848e-05;4480.77;37431.29;108;0.0;0;37.498;214.099;12523;Seq Scan;6;Outer;;26136;483871;0;0;0.3225806666666667;0.0;30974.71;8;1500000.0;0;0.0;0.0;0.0;0.0;12524;Hash;6;Inner;;0;5000;5000;0;1.0;4418.27;4418.27;108;0.0;0;12525;Hash Join;7;Outer;;0;5000;62500;2;0.04;1.4;4418.27;108;0.0;0;0.168;34.683;0.011;0.011
Q7_67_seed_541466046;12540;Hash Join;5;Outer;;0;38710;483871;5000;1.6000132266657848e-05;4480.77;37431.29;108;0.0;0;33.92;210.517;12541;Seq Scan;6;Outer;;26136;483871;0;0;0.3225806666666667;0.0;30974.71;8;1500000.0;0;0.0;0.0;0.0;0.0;12542;Hash;6;Inner;;0;5000;5000;0;1.0;4418.27;4418.27;108;0.0;0;12543;Hash Join;7;Outer;;0;5000;62500;2;0.04;1.4;4418.27;108;0.0;0;0.422;31.613;0.009;0.01
Q7_68_seed_549670077;12558;Hash Join;5;Outer;;0;38710;483871;5000;1.6000132266657848e-05;4480.77;37431.29;108;0.0;0;37.563;213.48;12559;Seq Scan;6;Outer;;26136;483871;0;0;0.3225806666666667;0.0;30974.71;8;1500000.0;0;0.0;0.0;0.0;0.0;12560;Hash;6;Inner;;0;5000;5000;0;1.0;4418.27;4418.27;108;0.0;0;12561;Hash Join;7;Outer;;0;5000;62500;2;0.04;1.4;4418.27;108;0.0;0;0.228;35.158;0.013;0.014
Q7_6_seed_41020155;12594;Hash Join;5;Outer;;0;38710;483871;5000;1.6000132266657848e-05;4480.77;37431.29;108;0.0;0;37.333;216.694;12595;Seq Scan;6;Outer;;26136;483871;0;0;0.3225806666666667;0.0;30974.71;8;1500000.0;0;0.0;0.0;0.0;0.0;12596;Hash;6;Inner;;0;5000;5000;0;1.0;4418.27;4418.27;108;0.0;0;12597;Hash Join;7;Outer;;0;5000;62500;2;0.04;1.4;4418.27;108;0.0;0;0.15;34.826;0.009;0.01
Q7_71_seed_574282170;12630;Hash Join;5;Outer;;0;38710;483871;5000;1.6000132266657848e-05;4480.77;37431.29;108;0.0;0;37.788;214.793;12631;Seq Scan;6;Outer;;26136;483871;0;0;0.3225806666666667;0.0;30974.71;8;1500000.0;0;0.0;0.0;0.0;0.0;12632;Hash;6;Inner;;0;5000;5000;0;1.0;4418.27;4418.27;108;0.0;0;12633;Hash Join;7;Outer;;0;5000;62500;2;0.04;1.4;4418.27;108;0.0;0;0.197;34.84;0.008;0.01
Q7_72_seed_582486201;12648;Hash Join;5;Outer;;0;38710;483871;5000;1.6000132266657848e-05;4480.77;37431.29;108;0.0;0;39.192;214.932;12649;Seq Scan;6;Outer;;26136;483871;0;0;0.3225806666666667;0.0;30974.71;8;1500000.0;0;0.0;0.0;0.0;0.0;12650;Hash;6;Inner;;0;5000;5000;0;1.0;4418.27;4418.27;108;0.0;0;12651;Hash Join;7;Outer;;0;5000;62500;2;0.04;1.4;4418.27;108;0.0;0;0.512;36.408;0.015;0.015
Q7_73_seed_590690232;12666;Hash Join;5;Outer;;0;38710;483871;5000;1.6000132266657848e-05;4480.77;37431.29;108;0.0;0;35.032;211.416;12667;Seq Scan;6;Outer;;26136;483871;0;0;0.3225806666666667;0.0;30974.71;8;1500000.0;0;0.0;0.0;0.0;0.0;12668;Hash;6;Inner;;0;5000;5000;0;1.0;4418.27;4418.27;108;0.0;0;12669;Hash Join;7;Outer;;0;5000;62500;2;0.04;1.4;4418.27;108;0.0;0;0.012;32.619;0.011;0.011
Q7_74_seed_598894263;12684;Hash Join;5;Outer;;0;38710;483871;5000;1.6000132266657848e-05;4480.77;37431.29;108;0.0;0;39.752;213.936;12685;Seq Scan;6;Outer;;26136;483871;0;0;0.3225806666666667;0.0;30974.71;8;1500000.0;0;0.0;0.0;0.0;0.0;12686;Hash;6;Inner;;0;5000;5000;0;1.0;4418.27;4418.27;108;0.0;0;12687;Hash Join;7;Outer;;0;5000;62500;2;0.04;1.4;4418.27;108;0.0;0;0.383;36.799;0.01;0.01
Q7_75_seed_607098294;12702;Hash Join;5;Outer;;0;38710;483871;5000;1.6000132266657848e-05;4480.77;37431.29;108;0.0;0;37.76;211.246;12703;Seq Scan;6;Outer;;26136;483871;0;0;0.3225806666666667;0.0;30974.71;8;1500000.0;0;0.0;0.0;0.0;0.0;12704;Hash;6;Inner;;0;5000;5000;0;1.0;4418.27;4418.27;108;0.0;0;12705;Hash Join;7;Outer;;0;5000;62500;2;0.04;1.4;4418.27;108;0.0;0;0.173;36.059;0.01;0.01
Q7_76_seed_615302325;12720;Hash Join;5;Outer;;0;38710;483871;5000;1.6000132266657848e-05;4480.77;37431.29;108;0.0;0;35.532;217.801;12721;Seq Scan;6;Outer;;26136;483871;0;0;0.3225806666666667;0.0;30974.71;8;1500000.0;0;0.0;0.0;0.0;0.0;12722;Hash;6;Inner;;0;5000;5000;0;1.0;4418.27;4418.27;108;0.0;0;12723;Hash Join;7;Outer;;0;5000;62500;2;0.04;1.4;4418.27;108;0.0;0;0.626;33.377;0.011;0.011
Q7_78_seed_631710387;12756;Hash Join;5;Outer;;0;38710;483871;5000;1.6000132266657848e-05;4480.77;37431.29;108;0.0;0;39.2;217.143;12757;Seq Scan;6;Outer;;26136;483871;0;0;0.3225806666666667;0.0;30974.71;8;1500000.0;0;0.0;0.0;0.0;0.0;12758;Hash;6;Inner;;0;5000;5000;0;1.0;4418.27;4418.27;108;0.0;0;12759;Hash Join;7;Outer;;0;5000;62500;2;0.04;1.4;4418.27;108;0.0;0;0.013;35.018;0.008;0.009
Q7_79_seed_639914418;12774;Hash Join;5;Outer;;0;38710;483871;5000;1.6000132266657848e-05;4480.77;37431.29;108;0.0;0;36.423;213.412;12775;Seq Scan;6;Outer;;26136;483871;0;0;0.3225806666666667;0.0;30974.71;8;1500000.0;0;0.0;0.0;0.0;0.0;12776;Hash;6;Inner;;0;5000;5000;0;1.0;4418.27;4418.27;108;0.0;0;12777;Hash Join;7;Outer;;0;5000;62500;2;0.04;1.4;4418.27;108;0.0;0;0.165;33.788;0.008;0.009
Q7_7_seed_49224186;12792;Hash Join;5;Outer;;0;38710;483871;5000;1.6000132266657848e-05;4480.77;37431.29;108;0.0;0;36.821;212.34;12793;Seq Scan;6;Outer;;26136;483871;0;0;0.3225806666666667;0.0;30974.71;8;1500000.0;0;0.0;0.0;0.0;0.0;12794;Hash;6;Inner;;0;5000;5000;0;1.0;4418.27;4418.27;108;0.0;0;12795;Hash Join;7;Outer;;0;5000;62500;2;0.04;1.4;4418.27;108;0.0;0;0.174;34.189;0.01;0.01
Q7_80_seed_648118449;12810;Hash Join;5;Outer;;0;38710;483871;5000;1.6000132266657848e-05;4480.77;37431.29;108;0.0;0;35.399;214.4;12811;Seq Scan;6;Outer;;26136;483871;0;0;0.3225806666666667;0.0;30974.71;8;1500000.0;0;0.0;0.0;0.0;0.0;12812;Hash;6;Inner;;0;5000;5000;0;1.0;4418.27;4418.27;108;0.0;0;12813;Hash Join;7;Outer;;0;5000;62500;2;0.04;1.4;4418.27;108;0.0;0;0.187;32.661;0.01;0.011
Q7_82_seed_664526511;12846;Hash Join;5;Outer;;0;38710;483871;5000;1.6000132266657848e-05;4480.77;37431.29;108;0.0;0;32.835;210.542;12847;Seq Scan;6;Outer;;26136;483871;0;0;0.3225806666666667;0.0;30974.71;8;1500000.0;0;0.0;0.0;0.0;0.0;12848;Hash;6;Inner;;0;5000;5000;0;1.0;4418.27;4418.27;108;0.0;0;12849;Hash Join;7;Outer;;0;5000;62500;2;0.04;1.4;4418.27;108;0.0;0;1.443;28.911;0.011;0.012
Q7_84_seed_680934573;12882;Hash Join;5;Outer;;0;38710;483871;5000;1.6000132266657848e-05;4480.77;37431.29;108;0.0;0;39.198;226.88;12883;Seq Scan;6;Outer;;26136;483871;0;0;0.3225806666666667;0.0;30974.71;8;1500000.0;0;0.0;0.0;0.0;0.0;12884;Hash;6;Inner;;0;5000;5000;0;1.0;4418.27;4418.27;108;0.0;0;12885;Hash Join;7;Outer;;0;5000;62500;2;0.04;1.4;4418.27;108;0.0;0;0.554;36.31;0.01;0.01
Q7_85_seed_689138604;12900;Hash Join;5;Outer;;0;38710;483871;5000;1.6000132266657848e-05;4480.77;37431.29;108;0.0;0;36.517;212.725;12901;Seq Scan;6;Outer;;26136;483871;0;0;0.3225806666666667;0.0;30974.71;8;1500000.0;0;0.0;0.0;0.0;0.0;12902;Hash;6;Inner;;0;5000;5000;0;1.0;4418.27;4418.27;108;0.0;0;12903;Hash Join;7;Outer;;0;5000;62500;2;0.04;1.4;4418.27;108;0.0;0;0.476;32.658;0.009;0.009
Q7_86_seed_697342635;12918;Hash Join;5;Outer;;0;38710;483871;5000;1.6000132266657848e-05;4480.77;37431.29;108;0.0;0;37.765;212.637;12919;Seq Scan;6;Outer;;26136;483871;0;0;0.3225806666666667;0.0;30974.71;8;1500000.0;0;0.0;0.0;0.0;0.0;12920;Hash;6;Inner;;0;5000;5000;0;1.0;4418.27;4418.27;108;0.0;0;12921;Hash Join;7;Outer;;0;5000;62500;2;0.04;1.4;4418.27;108;0.0;0;0.225;35.629;0.01;0.01
Q7_87_seed_705546666;12936;Hash Join;5;Outer;;0;38710;483871;5000;1.6000132266657848e-05;4480.77;37431.29;108;0.0;0;31.928;205.691;12937;Seq Scan;6;Outer;;26136;483871;0;0;0.3225806666666667;0.0;30974.71;8;1500000.0;0;0.0;0.0;0.0;0.0;12938;Hash;6;Inner;;0;5000;5000;0;1.0;4418.27;4418.27;108;0.0;0;12939;Hash Join;7;Outer;;0;5000;62500;2;0.04;1.4;4418.27;108;0.0;0;0.427;29.905;0.01;0.01
Q7_89_seed_721954728;12972;Hash Join;5;Outer;;0;38710;483871;5000;1.6000132266657848e-05;4480.77;37431.29;108;0.0;0;37.051;216.649;12973;Seq Scan;6;Outer;;26136;483871;0;0;0.3225806666666667;0.0;30974.71;8;1500000.0;0;0.0;0.0;0.0;0.0;12974;Hash;6;Inner;;0;5000;5000;0;1.0;4418.27;4418.27;108;0.0;0;12975;Hash Join;7;Outer;;0;5000;62500;2;0.04;1.4;4418.27;108;0.0;0;0.622;34.52;0.01;0.01
Q7_8_seed_57428217;12990;Hash Join;5;Outer;;0;38710;483871;5000;1.6000132266657848e-05;4480.77;37431.29;108;0.0;0;33.826;210.101;12991;Seq Scan;6;Outer;;26136;483871;0;0;0.3225806666666667;0.0;30974.71;8;1500000.0;0;0.0;0.0;0.0;0.0;12992;Hash;6;Inner;;0;5000;5000;0;1.0;4418.27;4418.27;108;0.0;0;12993;Hash Join;7;Outer;;0;5000;62500;2;0.04;1.4;4418.27;108;0.0;0;0.453;31.926;0.01;0.011
Q7_91_seed_738362790;13026;Hash Join;5;Outer;;0;38710;483871;5000;1.6000132266657848e-05;4480.77;37431.29;108;0.0;0;38.622;219.817;13027;Seq Scan;6;Outer;;26136;483871;0;0;0.3225806666666667;0.0;30974.71;8;1500000.0;0;0.0;0.0;0.0;0.0;13028;Hash;6;Inner;;0;5000;5000;0;1.0;4418.27;4418.27;108;0.0;0;13029;Hash Join;7;Outer;;0;5000;62500;2;0.04;1.4;4418.27;108;0.0;0;0.178;36.663;0.01;0.01
Q7_92_seed_746566821;13044;Hash Join;5;Outer;;0;38710;483871;5000;1.6000132266657848e-05;4480.77;37431.29;108;0.0;0;38.991;216.197;13045;Seq Scan;6;Outer;;26136;483871;0;0;0.3225806666666667;0.0;30974.71;8;1500000.0;0;0.0;0.0;0.0;0.0;13046;Hash;6;Inner;;0;5000;5000;0;1.0;4418.27;4418.27;108;0.0;0;13047;Hash Join;7;Outer;;0;5000;62500;2;0.04;1.4;4418.27;108;0.0;0;0.013;37.315;0.01;0.011
Q7_93_seed_754770852;13062;Hash Join;5;Outer;;0;38710;483871;5000;1.6000132266657848e-05;4480.77;37431.29;108;0.0;0;35.743;210.513;13063;Seq Scan;6;Outer;;26136;483871;0;0;0.3225806666666667;0.0;30974.71;8;1500000.0;0;0.0;0.0;0.0;0.0;13064;Hash;6;Inner;;0;5000;5000;0;1.0;4418.27;4418.27;108;0.0;0;13065;Hash Join;7;Outer;;0;5000;62500;2;0.04;1.4;4418.27;108;0.0;0;0.271;33.375;0.011;0.011
Q7_95_seed_771178914;13098;Hash Join;5;Outer;;0;38710;483871;5000;1.6000132266657848e-05;4480.77;37431.29;108;0.0;0;36.267;210.811;13099;Seq Scan;6;Outer;;26136;483871;0;0;0.3225806666666667;0.0;30974.71;8;1500000.0;0;0.0;0.0;0.0;0.0;13100;Hash;6;Inner;;0;5000;5000;0;1.0;4418.27;4418.27;108;0.0;0;13101;Hash Join;7;Outer;;0;5000;62500;2;0.04;1.4;4418.27;108;0.0;0;0.014;34.324;0.013;0.013
Q7_96_seed_779382945;13116;Hash Join;5;Outer;;0;38710;483871;5000;1.6000132266657848e-05;4480.77;37431.29;108;0.0;0;36.403;213.745;13117;Seq Scan;6;Outer;;26136;483871;0;0;0.3225806666666667;0.0;30974.71;8;1500000.0;0;0.0;0.0;0.0;0.0;13118;Hash;6;Inner;;0;5000;5000;0;1.0;4418.27;4418.27;108;0.0;0;13119;Hash Join;7;Outer;;0;5000;62500;2;0.04;1.4;4418.27;108;0.0;0;0.01;33.685;0.01;0.01
Q7_97_seed_787586976;13134;Hash Join;5;Outer;;0;38710;483871;5000;1.6000132266657848e-05;4480.77;37431.29;108;0.0;0;35.955;211.599;13135;Seq Scan;6;Outer;;26136;483871;0;0;0.3225806666666667;0.0;30974.71;8;1500000.0;0;0.0;0.0;0.0;0.0;13136;Hash;6;Inner;;0;5000;5000;0;1.0;4418.27;4418.27;108;0.0;0;13137;Hash Join;7;Outer;;0;5000;62500;2;0.04;1.4;4418.27;108;0.0;0;0.123;34.139;0.009;0.01
Q7_98_seed_795791007;13152;Hash Join;5;Outer;;0;38710;483871;5000;1.6000132266657848e-05;4480.77;37431.29;108;0.0;0;38.276;220.639;13153;Seq Scan;6;Outer;;26136;483871;0;0;0.3225806666666667;0.0;30974.71;8;1500000.0;0;0.0;0.0;0.0;0.0;13154;Hash;6;Inner;;0;5000;5000;0;1.0;4418.27;4418.27;108;0.0;0;13155;Hash Join;7;Outer;;0;5000;62500;2;0.04;1.4;4418.27;108;0.0;0;0.017;34.301;0.012;0.012
Q7_99_seed_803995038;13170;Hash Join;5;Outer;;0;38710;483871;5000;1.6000132266657848e-05;4480.77;37431.29;108;0.0;0;35.366;214.77;13171;Seq Scan;6;Outer;;26136;483871;0;0;0.3225806666666667;0.0;30974.71;8;1500000.0;0;0.0;0.0;0.0;0.0;13172;Hash;6;Inner;;0;5000;5000;0;1.0;4418.27;4418.27;108;0.0;0;13173;Hash Join;7;Outer;;0;5000;62500;2;0.04;1.4;4418.27;108;0.0;0;0.052;33.114;0.009;0.009
Q7_9_seed_65632248;13188;Hash Join;5;Outer;;0;38710;483871;5000;1.6000132266657848e-05;4480.77;37431.29;108;0.0;0;35.272;212.162;13189;Seq Scan;6;Outer;;26136;483871;0;0;0.3225806666666667;0.0;30974.71;8;1500000.0;0;0.0;0.0;0.0;0.0;13190;Hash;6;Inner;;0;5000;5000;0;1.0;4418.27;4418.27;108;0.0;0;13191;Hash Join;7;Outer;;0;5000;62500;2;0.04;1.4;4418.27;108;0.0;0;0.257;33.063;0.01;0.011
Q8_100_seed_812199069;13208;Hash Join;7;Outer;;0;29497;147487;12500;1.599978303172483e-05;4743.09;38813.14;8;0.0;0;35.754;212.396;13209;Seq Scan;8;Outer;;26136;147487;0;0;0.0983246666666666;0.0;33394.06;12;1500000.0;0;0.0;0.0;0.0;0.0;13210;Hash;8;Inner;;0;12500;12500;0;1.0;4586.84;4586.84;4;0.0;0;13211;Hash Join;9;Outer;;0;12500;62500;5;0.04;2.46;4586.84;4;0.0;0;0.49;31.977;0.26;0.26
Q8_100_seed_812199069;13211;Hash Join;9;Outer;;0;12500;62500;5;0.04;2.46;4586.84;4;0.0;0;0.758;33.562;13212;Seq Scan;10;Outer;;3600;62500;0;0;0.4166666666666667;0.0;4225.0;8;150000.0;0;0.0;0.0;0.0;0.0;13213;Hash;10;Inner;;0;5;5;0;1.0;2.4;2.4;4;0.0;0;13214;Hash Join;11;Outer;;0;5;25;1;0.2;1.07;2.4;4;0.0;0;0.015;0.016;0.232;0.232
Q8_101_seed_820403100;13231;Hash Join;7;Outer;;0;29497;147487;12500;1.599978303172483e-05;4743.09;38813.14;8;0.0;0;35.129;214.609;13232;Seq Scan;8;Outer;;26136;147487;0;0;0.0983246666666666;0.0;33394.06;12;1500000.0;0;0.0;0.0;0.0;0.0;13233;Hash;8;Inner;;0;12500;12500;0;1.0;4586.84;4586.84;4;0.0;0;13234;Hash Join;9;Outer;;0;12500;62500;5;0.04;2.46;4586.84;4;0.0;0;0.076;32.681;0.227;0.228
Q8_101_seed_820403100;13234;Hash Join;9;Outer;;0;12500;62500;5;0.04;2.46;4586.84;4;0.0;0;0.31;34.238;13235;Seq Scan;10;Outer;;3600;62500;0;0;0.4166666666666667;0.0;4225.0;8;150000.0;0;0.0;0.0;0.0;0.0;13236;Hash;10;Inner;;0;5;5;0;1.0;2.4;2.4;4;0.0;0;13237;Hash Join;11;Outer;;0;5;25;1;0.2;1.07;2.4;4;0.0;0;0.009;0.01;0.207;0.207
Q8_102_seed_828607131;13254;Hash Join;7;Outer;;0;29497;147487;12500;1.599978303172483e-05;4743.09;38813.14;8;0.0;0;31.061;206.297;13255;Seq Scan;8;Outer;;26136;147487;0;0;0.0983246666666666;0.0;33394.06;12;1500000.0;0;0.0;0.0;0.0;0.0;13256;Hash;8;Inner;;0;12500;12500;0;1.0;4586.84;4586.84;4;0.0;0;13257;Hash Join;9;Outer;;0;12500;62500;5;0.04;2.46;4586.84;4;0.0;0;0.021;26.397;2.097;2.098
Q8_102_seed_828607131;13257;Hash Join;9;Outer;;0;12500;62500;5;0.04;2.46;4586.84;4;0.0;0;2.126;29.992;13258;Seq Scan;10;Outer;;3600;62500;0;0;0.4166666666666667;0.0;4225.0;8;150000.0;0;0.0;0.0;0.0;0.0;13259;Hash;10;Inner;;0;5;5;0;1.0;2.4;2.4;4;0.0;0;13260;Hash Join;11;Outer;;0;5;25;1;0.2;1.07;2.4;4;0.0;0;0.009;0.01;2.076;2.077
Q8_104_seed_845015193;13300;Hash Join;7;Outer;;0;29497;147487;12500;1.599978303172483e-05;4743.09;38813.14;8;0.0;0;35.398;210.309;13301;Seq Scan;8;Outer;;26136;147487;0;0;0.0983246666666666;0.0;33394.06;12;1500000.0;0;0.0;0.0;0.0;0.0;13302;Hash;8;Inner;;0;12500;12500;0;1.0;4586.84;4586.84;4;0.0;0;13303;Hash Join;9;Outer;;0;12500;62500;5;0.04;2.46;4586.84;4;0.0;0;0.199;32.135;0.075;0.076
Q8_104_seed_845015193;13303;Hash Join;9;Outer;;0;12500;62500;5;0.04;2.46;4586.84;4;0.0;0;0.282;33.512;13304;Seq Scan;10;Outer;;3600;62500;0;0;0.4166666666666667;0.0;4225.0;8;150000.0;0;0.0;0.0;0.0;0.0;13305;Hash;10;Inner;;0;5;5;0;1.0;2.4;2.4;4;0.0;0;13306;Hash Join;11;Outer;;0;5;25;1;0.2;1.07;2.4;4;0.0;0;0.008;0.008;0.058;0.059
Q8_105_seed_853219224;13323;Hash Join;7;Outer;;0;29497;147487;12500;1.599978303172483e-05;4743.09;38813.14;8;0.0;0;37.103;214.189;13324;Seq Scan;8;Outer;;26136;147487;0;0;0.0983246666666666;0.0;33394.06;12;1500000.0;0;0.0;0.0;0.0;0.0;13325;Hash;8;Inner;;0;12500;12500;0;1.0;4586.84;4586.84;4;0.0;0;13326;Hash Join;9;Outer;;0;12500;62500;5;0.04;2.46;4586.84;4;0.0;0;0.478;34.682;0.178;0.178
Q8_105_seed_853219224;13326;Hash Join;9;Outer;;0;12500;62500;5;0.04;2.46;4586.84;4;0.0;0;0.663;36.195;13327;Seq Scan;10;Outer;;3600;62500;0;0;0.4166666666666667;0.0;4225.0;8;150000.0;0;0.0;0.0;0.0;0.0;13328;Hash;10;Inner;;0;5;5;0;1.0;2.4;2.4;4;0.0;0;13329;Hash Join;11;Outer;;0;5;25;1;0.2;1.07;2.4;4;0.0;0;0.008;0.009;0.161;0.161
Q8_106_seed_861423255;13346;Hash Join;7;Outer;;0;29497;147487;12500;1.599978303172483e-05;4743.09;38813.14;8;0.0;0;29.673;204.477;13347;Seq Scan;8;Outer;;26136;147487;0;0;0.0983246666666666;0.0;33394.06;12;1500000.0;0;0.0;0.0;0.0;0.0;13348;Hash;8;Inner;;0;12500;12500;0;1.0;4586.84;4586.84;4;0.0;0;13349;Hash Join;9;Outer;;0;12500;62500;5;0.04;2.46;4586.84;4;0.0;0;0.199;27.131;0.209;0.21
Q8_106_seed_861423255;13349;Hash Join;9;Outer;;0;12500;62500;5;0.04;2.46;4586.84;4;0.0;0;0.42;28.703;13350;Seq Scan;10;Outer;;3600;62500;0;0;0.4166666666666667;0.0;4225.0;8;150000.0;0;0.0;0.0;0.0;0.0;13351;Hash;10;Inner;;0;5;5;0;1.0;2.4;2.4;4;0.0;0;13352;Hash Join;11;Outer;;0;5;25;1;0.2;1.07;2.4;4;0.0;0;0.014;0.014;0.183;0.184
Q8_107_seed_869627286;13369;Hash Join;7;Outer;;0;29497;147487;12500;1.599978303172483e-05;4743.09;38813.14;8;0.0;0;39.587;220.333;13370;Seq Scan;8;Outer;;26136;147487;0;0;0.0983246666666666;0.0;33394.06;12;1500000.0;0;0.0;0.0;0.0;0.0;13371;Hash;8;Inner;;0;12500;12500;0;1.0;4586.84;4586.84;4;0.0;0;13372;Hash Join;9;Outer;;0;12500;62500;5;0.04;2.46;4586.84;4;0.0;0;0.871;37.132;0.2;0.201
Q8_107_seed_869627286;13372;Hash Join;9;Outer;;0;12500;62500;5;0.04;2.46;4586.84;4;0.0;0;1.077;38.682;13373;Seq Scan;10;Outer;;3600;62500;0;0;0.4166666666666667;0.0;4225.0;8;150000.0;0;0.0;0.0;0.0;0.0;13374;Hash;10;Inner;;0;5;5;0;1.0;2.4;2.4;4;0.0;0;13375;Hash Join;11;Outer;;0;5;25;1;0.2;1.07;2.4;4;0.0;0;0.009;0.01;0.18;0.18
Q8_108_seed_877831317;13392;Hash Join;7;Outer;;0;29497;147487;12500;1.599978303172483e-05;4743.09;38813.14;8;0.0;0;40.16;219.286;13393;Seq Scan;8;Outer;;26136;147487;0;0;0.0983246666666666;0.0;33394.06;12;1500000.0;0;0.0;0.0;0.0;0.0;13394;Hash;8;Inner;;0;12500;12500;0;1.0;4586.84;4586.84;4;0.0;0;13395;Hash Join;9;Outer;;0;12500;62500;5;0.04;2.46;4586.84;4;0.0;0;0.264;36.702;0.404;0.404
Q8_108_seed_877831317;13395;Hash Join;9;Outer;;0;12500;62500;5;0.04;2.46;4586.84;4;0.0;0;0.674;38.416;13396;Seq Scan;10;Outer;;3600;62500;0;0;0.4166666666666667;0.0;4225.0;8;150000.0;0;0.0;0.0;0.0;0.0;13397;Hash;10;Inner;;0;5;5;0;1.0;2.4;2.4;4;0.0;0;13398;Hash Join;11;Outer;;0;5;25;1;0.2;1.07;2.4;4;0.0;0;0.009;0.01;0.385;0.385
Q8_109_seed_886035348;13415;Hash Join;7;Outer;;0;29497;147487;12500;1.599978303172483e-05;4743.09;38813.14;8;0.0;0;36.16;212.465;13416;Seq Scan;8;Outer;;26136;147487;0;0;0.0983246666666666;0.0;33394.06;12;1500000.0;0;0.0;0.0;0.0;0.0;13417;Hash;8;Inner;;0;12500;12500;0;1.0;4586.84;4586.84;4;0.0;0;13418;Hash Join;9;Outer;;0;12500;62500;5;0.04;2.46;4586.84;4;0.0;0;0.024;32.787;0.234;0.234
Q8_109_seed_886035348;13418;Hash Join;9;Outer;;0;12500;62500;5;0.04;2.46;4586.84;4;0.0;0;0.266;34.322;13419;Seq Scan;10;Outer;;3600;62500;0;0;0.4166666666666667;0.0;4225.0;8;150000.0;0;0.0;0.0;0.0;0.0;13420;Hash;10;Inner;;0;5;5;0;1.0;2.4;2.4;4;0.0;0;13421;Hash Join;11;Outer;;0;5;25;1;0.2;1.07;2.4;4;0.0;0;0.009;0.01;0.216;0.216
Q8_10_seed_73836279;13438;Hash Join;7;Outer;;0;29497;147487;12500;1.599978303172483e-05;4743.09;38813.14;8;0.0;0;36.453;207.718;13439;Seq Scan;8;Outer;;26136;147487;0;0;0.0983246666666666;0.0;33394.06;12;1500000.0;0;0.0;0.0;0.0;0.0;13440;Hash;8;Inner;;0;12500;12500;0;1.0;4586.84;4586.84;4;0.0;0;13441;Hash Join;9;Outer;;0;12500;62500;5;0.04;2.46;4586.84;4;0.0;0;0.169;32.799;0.162;0.162
Q8_10_seed_73836279;13441;Hash Join;9;Outer;;0;12500;62500;5;0.04;2.46;4586.84;4;0.0;0;0.337;34.26;13442;Seq Scan;10;Outer;;3600;62500;0;0;0.4166666666666667;0.0;4225.0;8;150000.0;0;0.0;0.0;0.0;0.0;13443;Hash;10;Inner;;0;5;5;0;1.0;2.4;2.4;4;0.0;0;13444;Hash Join;11;Outer;;0;5;25;1;0.2;1.07;2.4;4;0.0;0;0.01;0.01;0.143;0.143
Q8_110_seed_894239379;13461;Hash Join;7;Outer;;0;29497;147487;12500;1.599978303172483e-05;4743.09;38813.14;8;0.0;0;36.102;210.203;13462;Seq Scan;8;Outer;;26136;147487;0;0;0.0983246666666666;0.0;33394.06;12;1500000.0;0;0.0;0.0;0.0;0.0;13463;Hash;8;Inner;;0;12500;12500;0;1.0;4586.84;4586.84;4;0.0;0;13464;Hash Join;9;Outer;;0;12500;62500;5;0.04;2.46;4586.84;4;0.0;0;0.02;33.387;0.24;0.241
Q8_110_seed_894239379;13464;Hash Join;9;Outer;;0;12500;62500;5;0.04;2.46;4586.84;4;0.0;0;0.266;34.912;13465;Seq Scan;10;Outer;;3600;62500;0;0;0.4166666666666667;0.0;4225.0;8;150000.0;0;0.0;0.0;0.0;0.0;13466;Hash;10;Inner;;0;5;5;0;1.0;2.4;2.4;4;0.0;0;13467;Hash Join;11;Outer;;0;5;25;1;0.2;1.07;2.4;4;0.0;0;0.011;0.012;0.218;0.219
Q8_111_seed_902443410;13484;Hash Join;7;Outer;;0;29497;147487;12500;1.599978303172483e-05;4743.09;38813.14;8;0.0;0;37.294;213.782;13485;Seq Scan;8;Outer;;26136;147487;0;0;0.0983246666666666;0.0;33394.06;12;1500000.0;0;0.0;0.0;0.0;0.0;13486;Hash;8;Inner;;0;12500;12500;0;1.0;4586.84;4586.84;4;0.0;0;13487;Hash Join;9;Outer;;0;12500;62500;5;0.04;2.46;4586.84;4;0.0;0;0.517;33.04;0.092;0.093
Q8_111_seed_902443410;13487;Hash Join;9;Outer;;0;12500;62500;5;0.04;2.46;4586.84;4;0.0;0;0.616;34.382;13488;Seq Scan;10;Outer;;3600;62500;0;0;0.4166666666666667;0.0;4225.0;8;150000.0;0;0.0;0.0;0.0;0.0;13489;Hash;10;Inner;;0;5;5;0;1.0;2.4;2.4;4;0.0;0;13490;Hash Join;11;Outer;;0;5;25;1;0.2;1.07;2.4;4;0.0;0;0.007;0.008;0.076;0.076
Q8_112_seed_910647441;13507;Hash Join;7;Outer;;0;29497;147487;12500;1.599978303172483e-05;4743.09;38813.14;8;0.0;0;43.324;222.592;13508;Seq Scan;8;Outer;;26136;147487;0;0;0.0983246666666666;0.0;33394.06;12;1500000.0;0;0.0;0.0;0.0;0.0;13509;Hash;8;Inner;;0;12500;12500;0;1.0;4586.84;4586.84;4;0.0;0;13510;Hash Join;9;Outer;;0;12500;62500;5;0.04;2.46;4586.84;4;0.0;0;0.029;39.922;0.235;0.235
Q8_112_seed_910647441;13510;Hash Join;9;Outer;;0;12500;62500;5;0.04;2.46;4586.84;4;0.0;0;0.271;41.56;13511;Seq Scan;10;Outer;;3600;62500;0;0;0.4166666666666667;0.0;4225.0;8;150000.0;0;0.0;0.0;0.0;0.0;13512;Hash;10;Inner;;0;5;5;0;1.0;2.4;2.4;4;0.0;0;13513;Hash Join;11;Outer;;0;5;25;1;0.2;1.07;2.4;4;0.0;0;0.009;0.01;0.211;0.212
Q8_114_seed_927055503;13553;Hash Join;7;Outer;;0;29497;147487;12500;1.599978303172483e-05;4743.09;38813.14;8;0.0;0;39.54;213.237;13554;Seq Scan;8;Outer;;26136;147487;0;0;0.0983246666666666;0.0;33394.06;12;1500000.0;0;0.0;0.0;0.0;0.0;13555;Hash;8;Inner;;0;12500;12500;0;1.0;4586.84;4586.84;4;0.0;0;13556;Hash Join;9;Outer;;0;12500;62500;5;0.04;2.46;4586.84;4;0.0;0;0.082;35.705;0.309;0.31
Q8_114_seed_927055503;13556;Hash Join;9;Outer;;0;12500;62500;5;0.04;2.46;4586.84;4;0.0;0;0.399;37.437;13557;Seq Scan;10;Outer;;3600;62500;0;0;0.4166666666666667;0.0;4225.0;8;150000.0;0;0.0;0.0;0.0;0.0;13558;Hash;10;Inner;;0;5;5;0;1.0;2.4;2.4;4;0.0;0;13559;Hash Join;11;Outer;;0;5;25;1;0.2;1.07;2.4;4;0.0;0;0.008;0.009;0.292;0.292
Q8_116_seed_943463565;13599;Hash Join;7;Outer;;0;29497;147487;12500;1.599978303172483e-05;4743.09;38813.14;8;0.0;0;31.391;211.416;13600;Seq Scan;8;Outer;;26136;147487;0;0;0.0983246666666666;0.0;33394.06;12;1500000.0;0;0.0;0.0;0.0;0.0;13601;Hash;8;Inner;;0;12500;12500;0;1.0;4586.84;4586.84;4;0.0;0;13602;Hash Join;9;Outer;;0;12500;62500;5;0.04;2.46;4586.84;4;0.0;0;0.027;28.952;0.219;0.22
Q8_116_seed_943463565;13602;Hash Join;9;Outer;;0;12500;62500;5;0.04;2.46;4586.84;4;0.0;0;0.254;30.517;13603;Seq Scan;10;Outer;;3600;62500;0;0;0.4166666666666667;0.0;4225.0;8;150000.0;0;0.0;0.0;0.0;0.0;13604;Hash;10;Inner;;0;5;5;0;1.0;2.4;2.4;4;0.0;0;13605;Hash Join;11;Outer;;0;5;25;1;0.2;1.07;2.4;4;0.0;0;0.009;0.01;0.198;0.199
Q8_117_seed_951667596;13622;Hash Join;7;Outer;;0;29497;147487;12500;1.599978303172483e-05;4743.09;38813.14;8;0.0;0;37.126;213.426;13623;Seq Scan;8;Outer;;26136;147487;0;0;0.0983246666666666;0.0;33394.06;12;1500000.0;0;0.0;0.0;0.0;0.0;13624;Hash;8;Inner;;0;12500;12500;0;1.0;4586.84;4586.84;4;0.0;0;13625;Hash Join;9;Outer;;0;12500;62500;5;0.04;2.46;4586.84;4;0.0;0;0.225;34.561;0.162;0.163
Q8_117_seed_951667596;13625;Hash Join;9;Outer;;0;12500;62500;5;0.04;2.46;4586.84;4;0.0;0;0.399;36.049;13626;Seq Scan;10;Outer;;3600;62500;0;0;0.4166666666666667;0.0;4225.0;8;150000.0;0;0.0;0.0;0.0;0.0;13627;Hash;10;Inner;;0;5;5;0;1.0;2.4;2.4;4;0.0;0;13628;Hash Join;11;Outer;;0;5;25;1;0.2;1.07;2.4;4;0.0;0;0.009;0.01;0.138;0.138
Q8_118_seed_959871627;13645;Hash Join;7;Outer;;0;29497;147487;12500;1.599978303172483e-05;4743.09;38813.14;8;0.0;0;41.144;220.418;13646;Seq Scan;8;Outer;;26136;147487;0;0;0.0983246666666666;0.0;33394.06;12;1500000.0;0;0.0;0.0;0.0;0.0;13647;Hash;8;Inner;;0;12500;12500;0;1.0;4586.84;4586.84;4;0.0;0;13648;Hash Join;9;Outer;;0;12500;62500;5;0.04;2.46;4586.84;4;0.0;0;0.019;37.572;0.248;0.248
Q8_118_seed_959871627;13648;Hash Join;9;Outer;;0;12500;62500;5;0.04;2.46;4586.84;4;0.0;0;0.276;39.149;13649;Seq Scan;10;Outer;;3600;62500;0;0;0.4166666666666667;0.0;4225.0;8;150000.0;0;0.0;0.0;0.0;0.0;13650;Hash;10;Inner;;0;5;5;0;1.0;2.4;2.4;4;0.0;0;13651;Hash Join;11;Outer;;0;5;25;1;0.2;1.07;2.4;4;0.0;0;0.008;0.009;0.229;0.229
Q8_119_seed_968075658;13668;Hash Join;7;Outer;;0;29497;147487;12500;1.599978303172483e-05;4743.09;38813.14;8;0.0;0;37.877;218.265;13669;Seq Scan;8;Outer;;26136;147487;0;0;0.0983246666666666;0.0;33394.06;12;1500000.0;0;0.0;0.0;0.0;0.0;13670;Hash;8;Inner;;0;12500;12500;0;1.0;4586.84;4586.84;4;0.0;0;13671;Hash Join;9;Outer;;0;12500;62500;5;0.04;2.46;4586.84;4;0.0;0;0.19;35.389;0.221;0.222
Q8_119_seed_968075658;13671;Hash Join;9;Outer;;0;12500;62500;5;0.04;2.46;4586.84;4;0.0;0;0.421;36.904;13672;Seq Scan;10;Outer;;3600;62500;0;0;0.4166666666666667;0.0;4225.0;8;150000.0;0;0.0;0.0;0.0;0.0;13673;Hash;10;Inner;;0;5;5;0;1.0;2.4;2.4;4;0.0;0;13674;Hash Join;11;Outer;;0;5;25;1;0.2;1.07;2.4;4;0.0;0;0.015;0.016;0.194;0.194
Q8_120_seed_976279689;13714;Hash Join;7;Outer;;0;29497;147487;12500;1.599978303172483e-05;4743.09;38813.14;8;0.0;0;34.256;211.622;13715;Seq Scan;8;Outer;;26136;147487;0;0;0.0983246666666666;0.0;33394.06;12;1500000.0;0;0.0;0.0;0.0;0.0;13716;Hash;8;Inner;;0;12500;12500;0;1.0;4586.84;4586.84;4;0.0;0;13717;Hash Join;9;Outer;;0;12500;62500;5;0.04;2.46;4586.84;4;0.0;0;0.076;31.497;0.186;0.187
Q8_120_seed_976279689;13717;Hash Join;9;Outer;;0;12500;62500;5;0.04;2.46;4586.84;4;0.0;0;0.27;32.982;13718;Seq Scan;10;Outer;;3600;62500;0;0;0.4166666666666667;0.0;4225.0;8;150000.0;0;0.0;0.0;0.0;0.0;13719;Hash;10;Inner;;0;5;5;0;1.0;2.4;2.4;4;0.0;0;13720;Hash Join;11;Outer;;0;5;25;1;0.2;1.07;2.4;4;0.0;0;0.011;0.011;0.165;0.165
Q8_122_seed_992687751;13760;Hash Join;7;Outer;;0;29497;147487;12500;1.599978303172483e-05;4743.09;38813.14;8;0.0;0;33.075;211.669;13761;Seq Scan;8;Outer;;26136;147487;0;0;0.0983246666666666;0.0;33394.06;12;1500000.0;0;0.0;0.0;0.0;0.0;13762;Hash;8;Inner;;0;12500;12500;0;1.0;4586.84;4586.84;4;0.0;0;13763;Hash Join;9;Outer;;0;12500;62500;5;0.04;2.46;4586.84;4;0.0;0;0.163;29.901;0.085;0.085
Q8_122_seed_992687751;13763;Hash Join;9;Outer;;0;12500;62500;5;0.04;2.46;4586.84;4;0.0;0;0.255;31.31;13764;Seq Scan;10;Outer;;3600;62500;0;0;0.4166666666666667;0.0;4225.0;8;150000.0;0;0.0;0.0;0.0;0.0;13765;Hash;10;Inner;;0;5;5;0;1.0;2.4;2.4;4;0.0;0;13766;Hash Join;11;Outer;;0;5;25;1;0.2;1.07;2.4;4;0.0;0;0.008;0.009;0.068;0.068
Q8_123_seed_1000891782;13783;Hash Join;7;Outer;;0;29497;147487;12500;1.599978303172483e-05;4743.09;38813.14;8;0.0;0;36.077;214.011;13784;Seq Scan;8;Outer;;26136;147487;0;0;0.0983246666666666;0.0;33394.06;12;1500000.0;0;0.0;0.0;0.0;0.0;13785;Hash;8;Inner;;0;12500;12500;0;1.0;4586.84;4586.84;4;0.0;0;13786;Hash Join;9;Outer;;0;12500;62500;5;0.04;2.46;4586.84;4;0.0;0;0.241;33.486;0.098;0.099
Q8_123_seed_1000891782;13786;Hash Join;9;Outer;;0;12500;62500;5;0.04;2.46;4586.84;4;0.0;0;0.351;34.92;13787;Seq Scan;10;Outer;;3600;62500;0;0;0.4166666666666667;0.0;4225.0;8;150000.0;0;0.0;0.0;0.0;0.0;13788;Hash;10;Inner;;0;5;5;0;1.0;2.4;2.4;4;0.0;0;13789;Hash Join;11;Outer;;0;5;25;1;0.2;1.07;2.4;4;0.0;0;0.009;0.01;0.078;0.078
Q8_125_seed_1017299844;13829;Hash Join;7;Outer;;0;29497;147487;12500;1.599978303172483e-05;4743.09;38813.14;8;0.0;0;38.597;215.879;13830;Seq Scan;8;Outer;;26136;147487;0;0;0.0983246666666666;0.0;33394.06;12;1500000.0;0;0.0;0.0;0.0;0.0;13831;Hash;8;Inner;;0;12500;12500;0;1.0;4586.84;4586.84;4;0.0;0;13832;Hash Join;9;Outer;;0;12500;62500;5;0.04;2.46;4586.84;4;0.0;0;0.021;36.101;0.234;0.235
Q8_125_seed_1017299844;13832;Hash Join;9;Outer;;0;12500;62500;5;0.04;2.46;4586.84;4;0.0;0;0.266;37.657;13833;Seq Scan;10;Outer;;3600;62500;0;0;0.4166666666666667;0.0;4225.0;8;150000.0;0;0.0;0.0;0.0;0.0;13834;Hash;10;Inner;;0;5;5;0;1.0;2.4;2.4;4;0.0;0;13835;Hash Join;11;Outer;;0;5;25;1;0.2;1.07;2.4;4;0.0;0;0.009;0.01;0.215;0.215
Q8_126_seed_1025503875;13852;Hash Join;7;Outer;;0;29497;147487;12500;1.599978303172483e-05;4743.09;38813.14;8;0.0;0;36.85;216.218;13853;Seq Scan;8;Outer;;26136;147487;0;0;0.0983246666666666;0.0;33394.06;12;1500000.0;0;0.0;0.0;0.0;0.0;13854;Hash;8;Inner;;0;12500;12500;0;1.0;4586.84;4586.84;4;0.0;0;13855;Hash Join;9;Outer;;0;12500;62500;5;0.04;2.46;4586.84;4;0.0;0;0.339;34.094;0.093;0.094
Q8_126_seed_1025503875;13855;Hash Join;9;Outer;;0;12500;62500;5;0.04;2.46;4586.84;4;0.0;0;0.441;35.528;13856;Seq Scan;10;Outer;;3600;62500;0;0;0.4166666666666667;0.0;4225.0;8;150000.0;0;0.0;0.0;0.0;0.0;13857;Hash;10;Inner;;0;5;5;0;1.0;2.4;2.4;4;0.0;0;13858;Hash Join;11;Outer;;0;5;25;1;0.2;1.07;2.4;4;0.0;0;0.014;0.014;0.07;0.07
Q8_127_seed_1033707906;13875;Hash Join;7;Outer;;0;29497;147487;12500;1.599978303172483e-05;4743.09;38813.14;8;0.0;0;39.025;215.803;13876;Seq Scan;8;Outer;;26136;147487;0;0;0.0983246666666666;0.0;33394.06;12;1500000.0;0;0.0;0.0;0.0;0.0;13877;Hash;8;Inner;;0;12500;12500;0;1.0;4586.84;4586.84;4;0.0;0;13878;Hash Join;9;Outer;;0;12500;62500;5;0.04;2.46;4586.84;4;0.0;0;0.08;35.107;0.242;0.242
Q8_127_seed_1033707906;13878;Hash Join;9;Outer;;0;12500;62500;5;0.04;2.46;4586.84;4;0.0;0;0.329;36.668;13879;Seq Scan;10;Outer;;3600;62500;0;0;0.4166666666666667;0.0;4225.0;8;150000.0;0;0.0;0.0;0.0;0.0;13880;Hash;10;Inner;;0;5;5;0;1.0;2.4;2.4;4;0.0;0;13881;Hash Join;11;Outer;;0;5;25;1;0.2;1.07;2.4;4;0.0;0;0.01;0.011;0.218;0.218
Q8_128_seed_1041911937;13898;Hash Join;7;Outer;;0;29497;147487;12500;1.599978303172483e-05;4743.09;38813.14;8;0.0;0;35.006;213.111;13899;Seq Scan;8;Outer;;26136;147487;0;0;0.0983246666666666;0.0;33394.06;12;1500000.0;0;0.0;0.0;0.0;0.0;13900;Hash;8;Inner;;0;12500;12500;0;1.0;4586.84;4586.84;4;0.0;0;13901;Hash Join;9;Outer;;0;12500;62500;5;0.04;2.46;4586.84;4;0.0;0;0.202;31.478;0.202;0.203
Q8_128_seed_1041911937;13901;Hash Join;9;Outer;;0;12500;62500;5;0.04;2.46;4586.84;4;0.0;0;0.417;32.99;13902;Seq Scan;10;Outer;;3600;62500;0;0;0.4166666666666667;0.0;4225.0;8;150000.0;0;0.0;0.0;0.0;0.0;13903;Hash;10;Inner;;0;5;5;0;1.0;2.4;2.4;4;0.0;0;13904;Hash Join;11;Outer;;0;5;25;1;0.2;1.07;2.4;4;0.0;0;0.014;0.014;0.175;0.176
Q8_129_seed_1050115968;13921;Hash Join;7;Outer;;0;29497;147487;12500;1.599978303172483e-05;4743.09;38813.14;8;0.0;0;37.698;218.257;13922;Seq Scan;8;Outer;;26136;147487;0;0;0.0983246666666666;0.0;33394.06;12;1500000.0;0;0.0;0.0;0.0;0.0;13923;Hash;8;Inner;;0;12500;12500;0;1.0;4586.84;4586.84;4;0.0;0;13924;Hash Join;9;Outer;;0;12500;62500;5;0.04;2.46;4586.84;4;0.0;0;0.489;33.723;0.144;0.145
Q8_129_seed_1050115968;13924;Hash Join;9;Outer;;0;12500;62500;5;0.04;2.46;4586.84;4;0.0;0;0.642;35.192;13925;Seq Scan;10;Outer;;3600;62500;0;0;0.4166666666666667;0.0;4225.0;8;150000.0;0;0.0;0.0;0.0;0.0;13926;Hash;10;Inner;;0;5;5;0;1.0;2.4;2.4;4;0.0;0;13927;Hash Join;11;Outer;;0;5;25;1;0.2;1.07;2.4;4;0.0;0;0.008;0.008;0.126;0.126
Q8_12_seed_90244341;13944;Hash Join;7;Outer;;0;29497;147487;12500;1.599978303172483e-05;4743.09;38813.14;8;0.0;0;38.613;217.438;13945;Seq Scan;8;Outer;;26136;147487;0;0;0.0983246666666666;0.0;33394.06;12;1500000.0;0;0.0;0.0;0.0;0.0;13946;Hash;8;Inner;;0;12500;12500;0;1.0;4586.84;4586.84;4;0.0;0;13947;Hash Join;9;Outer;;0;12500;62500;5;0.04;2.46;4586.84;4;0.0;0;0.015;31.636;1.4;1.401
Q8_12_seed_90244341;13947;Hash Join;9;Outer;;0;12500;62500;5;0.04;2.46;4586.84;4;0.0;0;1.422;34.334;13948;Seq Scan;10;Outer;;3600;62500;0;0;0.4166666666666667;0.0;4225.0;8;150000.0;0;0.0;0.0;0.0;0.0;13949;Hash;10;Inner;;0;5;5;0;1.0;2.4;2.4;4;0.0;0;13950;Hash Join;11;Outer;;0;5;25;1;0.2;1.07;2.4;4;0.0;0;0.01;0.01;1.382;1.382
Q8_130_seed_1058319999;13967;Hash Join;7;Outer;;0;29497;147487;12500;1.599978303172483e-05;4743.09;38813.14;8;0.0;0;37.174;214.822;13968;Seq Scan;8;Outer;;26136;147487;0;0;0.0983246666666666;0.0;33394.06;12;1500000.0;0;0.0;0.0;0.0;0.0;13969;Hash;8;Inner;;0;12500;12500;0;1.0;4586.84;4586.84;4;0.0;0;13970;Hash Join;9;Outer;;0;12500;62500;5;0.04;2.46;4586.84;4;0.0;0;0.243;34.084;0.086;0.087
Q8_130_seed_1058319999;13970;Hash Join;9;Outer;;0;12500;62500;5;0.04;2.46;4586.84;4;0.0;0;0.336;35.485;13971;Seq Scan;10;Outer;;3600;62500;0;0;0.4166666666666667;0.0;4225.0;8;150000.0;0;0.0;0.0;0.0;0.0;13972;Hash;10;Inner;;0;5;5;0;1.0;2.4;2.4;4;0.0;0;13973;Hash Join;11;Outer;;0;5;25;1;0.2;1.07;2.4;4;0.0;0;0.013;0.013;0.062;0.062
Q8_131_seed_1066524030;13990;Hash Join;7;Outer;;0;29497;147487;12500;1.599978303172483e-05;4743.09;38813.14;8;0.0;0;31.929;207.524;13991;Seq Scan;8;Outer;;26136;147487;0;0;0.0983246666666666;0.0;33394.06;12;1500000.0;0;0.0;0.0;0.0;0.0;13992;Hash;8;Inner;;0;12500;12500;0;1.0;4586.84;4586.84;4;0.0;0;13993;Hash Join;9;Outer;;0;12500;62500;5;0.04;2.46;4586.84;4;0.0;0;0.2;29.428;0.194;0.195
Q8_131_seed_1066524030;13993;Hash Join;9;Outer;;0;12500;62500;5;0.04;2.46;4586.84;4;0.0;0;0.403;30.96;13994;Seq Scan;10;Outer;;3600;62500;0;0;0.4166666666666667;0.0;4225.0;8;150000.0;0;0.0;0.0;0.0;0.0;13995;Hash;10;Inner;;0;5;5;0;1.0;2.4;2.4;4;0.0;0;13996;Hash Join;11;Outer;;0;5;25;1;0.2;1.07;2.4;4;0.0;0;0.011;0.012;0.171;0.172
Q8_132_seed_1074728061;14013;Hash Join;7;Outer;;0;29497;147487;12500;1.599978303172483e-05;4743.09;38813.14;8;0.0;0;33.197;207.111;14014;Seq Scan;8;Outer;;26136;147487;0;0;0.0983246666666666;0.0;33394.06;12;1500000.0;0;0.0;0.0;0.0;0.0;14015;Hash;8;Inner;;0;12500;12500;0;1.0;4586.84;4586.84;4;0.0;0;14016;Hash Join;9;Outer;;0;12500;62500;5;0.04;2.46;4586.84;4;0.0;0;0.336;30.553;0.149;0.15
Q8_132_seed_1074728061;14016;Hash Join;9;Outer;;0;12500;62500;5;0.04;2.46;4586.84;4;0.0;0;0.494;31.996;14017;Seq Scan;10;Outer;;3600;62500;0;0;0.4166666666666667;0.0;4225.0;8;150000.0;0;0.0;0.0;0.0;0.0;14018;Hash;10;Inner;;0;5;5;0;1.0;2.4;2.4;4;0.0;0;14019;Hash Join;11;Outer;;0;5;25;1;0.2;1.07;2.4;4;0.0;0;0.008;0.009;0.131;0.131
Q8_134_seed_1091136123;14059;Hash Join;7;Outer;;0;29497;147487;12500;1.599978303172483e-05;4743.09;38813.14;8;0.0;0;39.256;213.3;14060;Seq Scan;8;Outer;;26136;147487;0;0;0.0983246666666666;0.0;33394.06;12;1500000.0;0;0.0;0.0;0.0;0.0;14061;Hash;8;Inner;;0;12500;12500;0;1.0;4586.84;4586.84;4;0.0;0;14062;Hash Join;9;Outer;;0;12500;62500;5;0.04;2.46;4586.84;4;0.0;0;0.072;36.228;0.207;0.208
Q8_134_seed_1091136123;14062;Hash Join;9;Outer;;0;12500;62500;5;0.04;2.46;4586.84;4;0.0;0;0.29;37.76;14063;Seq Scan;10;Outer;;3600;62500;0;0;0.4166666666666667;0.0;4225.0;8;150000.0;0;0.0;0.0;0.0;0.0;14064;Hash;10;Inner;;0;5;5;0;1.0;2.4;2.4;4;0.0;0;14065;Hash Join;11;Outer;;0;5;25;1;0.2;1.07;2.4;4;0.0;0;0.018;0.019;0.173;0.173
Q8_136_seed_1107544185;14105;Hash Join;7;Outer;;0;29497;147487;12500;1.599978303172483e-05;4743.09;38813.14;8;0.0;0;35.335;212.072;14106;Seq Scan;8;Outer;;26136;147487;0;0;0.0983246666666666;0.0;33394.06;12;1500000.0;0;0.0;0.0;0.0;0.0;14107;Hash;8;Inner;;0;12500;12500;0;1.0;4586.84;4586.84;4;0.0;0;14108;Hash Join;9;Outer;;0;12500;62500;5;0.04;2.46;4586.84;4;0.0;0;0.287;32.204;0.103;0.104
Q8_136_seed_1107544185;14108;Hash Join;9;Outer;;0;12500;62500;5;0.04;2.46;4586.84;4;0.0;0;0.403;33.619;14109;Seq Scan;10;Outer;;3600;62500;0;0;0.4166666666666667;0.0;4225.0;8;150000.0;0;0.0;0.0;0.0;0.0;14110;Hash;10;Inner;;0;5;5;0;1.0;2.4;2.4;4;0.0;0;14111;Hash Join;11;Outer;;0;5;25;1;0.2;1.07;2.4;4;0.0;0;0.014;0.015;0.079;0.079
Q8_137_seed_1115748216;14128;Hash Join;7;Outer;;0;29497;147487;12500;1.599978303172483e-05;4743.09;38813.14;8;0.0;0;36.498;213.01;14129;Seq Scan;8;Outer;;26136;147487;0;0;0.0983246666666666;0.0;33394.06;12;1500000.0;0;0.0;0.0;0.0;0.0;14130;Hash;8;Inner;;0;12500;12500;0;1.0;4586.84;4586.84;4;0.0;0;14131;Hash Join;9;Outer;;0;12500;62500;5;0.04;2.46;4586.84;4;0.0;0;0.026;33.646;0.24;0.24
Q8_137_seed_1115748216;14131;Hash Join;9;Outer;;0;12500;62500;5;0.04;2.46;4586.84;4;0.0;0;0.276;35.303;14132;Seq Scan;10;Outer;;3600;62500;0;0;0.4166666666666667;0.0;4225.0;8;150000.0;0;0.0;0.0;0.0;0.0;14133;Hash;10;Inner;;0;5;5;0;1.0;2.4;2.4;4;0.0;0;14134;Hash Join;11;Outer;;0;5;25;1;0.2;1.07;2.4;4;0.0;0;0.009;0.01;0.219;0.219
Q8_138_seed_1123952247;14151;Hash Join;7;Outer;;0;29497;147487;12500;1.599978303172483e-05;4743.09;38813.14;8;0.0;0;39.262;216.177;14152;Seq Scan;8;Outer;;26136;147487;0;0;0.0983246666666666;0.0;33394.06;12;1500000.0;0;0.0;0.0;0.0;0.0;14153;Hash;8;Inner;;0;12500;12500;0;1.0;4586.84;4586.84;4;0.0;0;14154;Hash Join;9;Outer;;0;12500;62500;5;0.04;2.46;4586.84;4;0.0;0;0.119;36.791;0.185;0.186
Q8_138_seed_1123952247;14154;Hash Join;9;Outer;;0;12500;62500;5;0.04;2.46;4586.84;4;0.0;0;0.312;38.271;14155;Seq Scan;10;Outer;;3600;62500;0;0;0.4166666666666667;0.0;4225.0;8;150000.0;0;0.0;0.0;0.0;0.0;14156;Hash;10;Inner;;0;5;5;0;1.0;2.4;2.4;4;0.0;0;14157;Hash Join;11;Outer;;0;5;25;1;0.2;1.07;2.4;4;0.0;0;0.008;0.008;0.167;0.167
Q8_139_seed_1132156278;14174;Hash Join;7;Outer;;0;29497;147487;12500;1.599978303172483e-05;4743.09;38813.14;8;0.0;0;36.214;213.84;14175;Seq Scan;8;Outer;;26136;147487;0;0;0.0983246666666666;0.0;33394.06;12;1500000.0;0;0.0;0.0;0.0;0.0;14176;Hash;8;Inner;;0;12500;12500;0;1.0;4586.84;4586.84;4;0.0;0;14177;Hash Join;9;Outer;;0;12500;62500;5;0.04;2.46;4586.84;4;0.0;0;0.338;33.583;0.226;0.227
Q8_139_seed_1132156278;14177;Hash Join;9;Outer;;0;12500;62500;5;0.04;2.46;4586.84;4;0.0;0;0.581;35.095;14178;Seq Scan;10;Outer;;3600;62500;0;0;0.4166666666666667;0.0;4225.0;8;150000.0;0;0.0;0.0;0.0;0.0;14179;Hash;10;Inner;;0;5;5;0;1.0;2.4;2.4;4;0.0;0;14180;Hash Join;11;Outer;;0;5;25;1;0.2;1.07;2.4;4;0.0;0;0.05;0.051;0.158;0.158
Q8_13_seed_98448372;14197;Hash Join;7;Outer;;0;29497;147487;12500;1.599978303172483e-05;4743.09;38813.14;8;0.0;0;38.994;218.698;14198;Seq Scan;8;Outer;;26136;147487;0;0;0.0983246666666666;0.0;33394.06;12;1500000.0;0;0.0;0.0;0.0;0.0;14199;Hash;8;Inner;;0;12500;12500;0;1.0;4586.84;4586.84;4;0.0;0;14200;Hash Join;9;Outer;;0;12500;62500;5;0.04;2.46;4586.84;4;0.0;0;0.238;35.678;0.211;0.211
Q8_13_seed_98448372;14200;Hash Join;9;Outer;;0;12500;62500;5;0.04;2.46;4586.84;4;0.0;0;0.459;37.308;14201;Seq Scan;10;Outer;;3600;62500;0;0;0.4166666666666667;0.0;4225.0;8;150000.0;0;0.0;0.0;0.0;0.0;14202;Hash;10;Inner;;0;5;5;0;1.0;2.4;2.4;4;0.0;0;14203;Hash Join;11;Outer;;0;5;25;1;0.2;1.07;2.4;4;0.0;0;0.012;0.013;0.184;0.184
Q8_140_seed_1140360309;14220;Hash Join;7;Outer;;0;29497;147487;12500;1.599978303172483e-05;4743.09;38813.14;8;0.0;0;40.128;216.6;14221;Seq Scan;8;Outer;;26136;147487;0;0;0.0983246666666666;0.0;33394.06;12;1500000.0;0;0.0;0.0;0.0;0.0;14222;Hash;8;Inner;;0;12500;12500;0;1.0;4586.84;4586.84;4;0.0;0;14223;Hash Join;9;Outer;;0;12500;62500;5;0.04;2.46;4586.84;4;0.0;0;0.09;36.306;0.291;0.291
Q8_140_seed_1140360309;14223;Hash Join;9;Outer;;0;12500;62500;5;0.04;2.46;4586.84;4;0.0;0;0.397;37.937;14224;Seq Scan;10;Outer;;3600;62500;0;0;0.4166666666666667;0.0;4225.0;8;150000.0;0;0.0;0.0;0.0;0.0;14225;Hash;10;Inner;;0;5;5;0;1.0;2.4;2.4;4;0.0;0;14226;Hash Join;11;Outer;;0;5;25;1;0.2;1.07;2.4;4;0.0;0;0.008;0.009;0.273;0.273
Q8_141_seed_1148564340;14243;Hash Join;7;Outer;;0;29497;147487;12500;1.599978303172483e-05;4743.09;38813.14;8;0.0;0;37.798;230.142;14244;Seq Scan;8;Outer;;26136;147487;0;0;0.0983246666666666;0.0;33394.06;12;1500000.0;0;0.0;0.0;0.0;0.0;14245;Hash;8;Inner;;0;12500;12500;0;1.0;4586.84;4586.84;4;0.0;0;14246;Hash Join;9;Outer;;0;12500;62500;5;0.04;2.46;4586.84;4;0.0;0;0.022;33.47;0.297;0.298
Q8_141_seed_1148564340;14246;Hash Join;9;Outer;;0;12500;62500;5;0.04;2.46;4586.84;4;0.0;0;0.329;35.106;14247;Seq Scan;10;Outer;;3600;62500;0;0;0.4166666666666667;0.0;4225.0;8;150000.0;0;0.0;0.0;0.0;0.0;14248;Hash;10;Inner;;0;5;5;0;1.0;2.4;2.4;4;0.0;0;14249;Hash Join;11;Outer;;0;5;25;1;0.2;1.07;2.4;4;0.0;0;0.008;0.009;0.279;0.28
Q8_142_seed_1156768371;14266;Hash Join;7;Outer;;0;29497;147487;12500;1.599978303172483e-05;4743.09;38813.14;8;0.0;0;37.966;216.466;14267;Seq Scan;8;Outer;;26136;147487;0;0;0.0983246666666666;0.0;33394.06;12;1500000.0;0;0.0;0.0;0.0;0.0;14268;Hash;8;Inner;;0;12500;12500;0;1.0;4586.84;4586.84;4;0.0;0;14269;Hash Join;9;Outer;;0;12500;62500;5;0.04;2.46;4586.84;4;0.0;0;0.215;35.494;0.26;0.261
Q8_142_seed_1156768371;14269;Hash Join;9;Outer;;0;12500;62500;5;0.04;2.46;4586.84;4;0.0;0;0.483;37.057;14270;Seq Scan;10;Outer;;3600;62500;0;0;0.4166666666666667;0.0;4225.0;8;150000.0;0;0.0;0.0;0.0;0.0;14271;Hash;10;Inner;;0;5;5;0;1.0;2.4;2.4;4;0.0;0;14272;Hash Join;11;Outer;;0;5;25;1;0.2;1.07;2.4;4;0.0;0;0.009;0.009;0.242;0.242
Q8_143_seed_1164972402;14289;Hash Join;7;Outer;;0;29497;147487;12500;1.599978303172483e-05;4743.09;38813.14;8;0.0;0;39.92;216.876;14290;Seq Scan;8;Outer;;26136;147487;0;0;0.0983246666666666;0.0;33394.06;12;1500000.0;0;0.0;0.0;0.0;0.0;14291;Hash;8;Inner;;0;12500;12500;0;1.0;4586.84;4586.84;4;0.0;0;14292;Hash Join;9;Outer;;0;12500;62500;5;0.04;2.46;4586.84;4;0.0;0;0.265;37.252;0.081;0.081
Q8_143_seed_1164972402;14292;Hash Join;9;Outer;;0;12500;62500;5;0.04;2.46;4586.84;4;0.0;0;0.353;38.839;14293;Seq Scan;10;Outer;;3600;62500;0;0;0.4166666666666667;0.0;4225.0;8;150000.0;0;0.0;0.0;0.0;0.0;14294;Hash;10;Inner;;0;5;5;0;1.0;2.4;2.4;4;0.0;0;14295;Hash Join;11;Outer;;0;5;25;1;0.2;1.07;2.4;4;0.0;0;0.009;0.009;0.061;0.061
Q8_145_seed_1181380464;14335;Hash Join;7;Outer;;0;29497;147487;12500;1.599978303172483e-05;4743.09;38813.14;8;0.0;0;32.639;208.31;14336;Seq Scan;8;Outer;;26136;147487;0;0;0.0983246666666666;0.0;33394.06;12;1500000.0;0;0.0;0.0;0.0;0.0;14337;Hash;8;Inner;;0;12500;12500;0;1.0;4586.84;4586.84;4;0.0;0;14338;Hash Join;9;Outer;;0;12500;62500;5;0.04;2.46;4586.84;4;0.0;0;0.072;29.255;0.21;0.211
Q8_145_seed_1181380464;14338;Hash Join;9;Outer;;0;12500;62500;5;0.04;2.46;4586.84;4;0.0;0;0.291;30.841;14339;Seq Scan;10;Outer;;3600;62500;0;0;0.4166666666666667;0.0;4225.0;8;150000.0;0;0.0;0.0;0.0;0.0;14340;Hash;10;Inner;;0;5;5;0;1.0;2.4;2.4;4;0.0;0;14341;Hash Join;11;Outer;;0;5;25;1;0.2;1.07;2.4;4;0.0;0;0.008;0.009;0.192;0.192
Q8_146_seed_1189584495;14358;Hash Join;7;Outer;;0;29497;147487;12500;1.599978303172483e-05;4743.09;38813.14;8;0.0;0;30.913;207.359;14359;Seq Scan;8;Outer;;26136;147487;0;0;0.0983246666666666;0.0;33394.06;12;1500000.0;0;0.0;0.0;0.0;0.0;14360;Hash;8;Inner;;0;12500;12500;0;1.0;4586.84;4586.84;4;0.0;0;14361;Hash Join;9;Outer;;0;12500;62500;5;0.04;2.46;4586.84;4;0.0;0;0.079;28.255;0.239;0.24
Q8_146_seed_1189584495;14361;Hash Join;9;Outer;;0;12500;62500;5;0.04;2.46;4586.84;4;0.0;0;0.327;29.822;14362;Seq Scan;10;Outer;;3600;62500;0;0;0.4166666666666667;0.0;4225.0;8;150000.0;0;0.0;0.0;0.0;0.0;14363;Hash;10;Inner;;0;5;5;0;1.0;2.4;2.4;4;0.0;0;14364;Hash Join;11;Outer;;0;5;25;1;0.2;1.07;2.4;4;0.0;0;0.01;0.011;0.219;0.219
Q8_147_seed_1197788526;14381;Hash Join;7;Outer;;0;29497;147487;12500;1.599978303172483e-05;4743.09;38813.14;8;0.0;0;38.822;216.065;14382;Seq Scan;8;Outer;;26136;147487;0;0;0.0983246666666666;0.0;33394.06;12;1500000.0;0;0.0;0.0;0.0;0.0;14383;Hash;8;Inner;;0;12500;12500;0;1.0;4586.84;4586.84;4;0.0;0;14384;Hash Join;9;Outer;;0;12500;62500;5;0.04;2.46;4586.84;4;0.0;0;0.134;35.428;0.166;0.167
Q8_147_seed_1197788526;14384;Hash Join;9;Outer;;0;12500;62500;5;0.04;2.46;4586.84;4;0.0;0;0.314;37.109;14385;Seq Scan;10;Outer;;3600;62500;0;0;0.4166666666666667;0.0;4225.0;8;150000.0;0;0.0;0.0;0.0;0.0;14386;Hash;10;Inner;;0;5;5;0;1.0;2.4;2.4;4;0.0;0;14387;Hash Join;11;Outer;;0;5;25;1;0.2;1.07;2.4;4;0.0;0;0.015;0.015;0.137;0.137
Q8_148_seed_1205992557;14404;Hash Join;7;Outer;;0;29497;147487;12500;1.599978303172483e-05;4743.09;38813.14;8;0.0;0;37.646;217.176;14405;Seq Scan;8;Outer;;26136;147487;0;0;0.0983246666666666;0.0;33394.06;12;1500000.0;0;0.0;0.0;0.0;0.0;14406;Hash;8;Inner;;0;12500;12500;0;1.0;4586.84;4586.84;4;0.0;0;14407;Hash Join;9;Outer;;0;12500;62500;5;0.04;2.46;4586.84;4;0.0;0;0.189;35.395;0.141;0.141
Q8_148_seed_1205992557;14407;Hash Join;9;Outer;;0;12500;62500;5;0.04;2.46;4586.84;4;0.0;0;0.338;36.806;14408;Seq Scan;10;Outer;;3600;62500;0;0;0.4166666666666667;0.0;4225.0;8;150000.0;0;0.0;0.0;0.0;0.0;14409;Hash;10;Inner;;0;5;5;0;1.0;2.4;2.4;4;0.0;0;14410;Hash Join;11;Outer;;0;5;25;1;0.2;1.07;2.4;4;0.0;0;0.009;0.009;0.12;0.12
Q8_149_seed_1214196588;14427;Hash Join;7;Outer;;0;29497;147487;12500;1.599978303172483e-05;4743.09;38813.14;8;0.0;0;38.811;217.635;14428;Seq Scan;8;Outer;;26136;147487;0;0;0.0983246666666666;0.0;33394.06;12;1500000.0;0;0.0;0.0;0.0;0.0;14429;Hash;8;Inner;;0;12500;12500;0;1.0;4586.84;4586.84;4;0.0;0;14430;Hash Join;9;Outer;;0;12500;62500;5;0.04;2.46;4586.84;4;0.0;0;0.162;35.462;0.227;0.227
Q8_149_seed_1214196588;14430;Hash Join;9;Outer;;0;12500;62500;5;0.04;2.46;4586.84;4;0.0;0;0.395;36.948;14431;Seq Scan;10;Outer;;3600;62500;0;0;0.4166666666666667;0.0;4225.0;8;150000.0;0;0.0;0.0;0.0;0.0;14432;Hash;10;Inner;;0;5;5;0;1.0;2.4;2.4;4;0.0;0;14433;Hash Join;11;Outer;;0;5;25;1;0.2;1.07;2.4;4;0.0;0;0.008;0.009;0.209;0.209
Q8_14_seed_106652403;14450;Hash Join;7;Outer;;0;29497;147487;12500;1.599978303172483e-05;4743.09;38813.14;8;0.0;0;33.171;206.493;14451;Seq Scan;8;Outer;;26136;147487;0;0;0.0983246666666666;0.0;33394.06;12;1500000.0;0;0.0;0.0;0.0;0.0;14452;Hash;8;Inner;;0;12500;12500;0;1.0;4586.84;4586.84;4;0.0;0;14453;Hash Join;9;Outer;;0;12500;62500;5;0.04;2.46;4586.84;4;0.0;0;0.24;30.58;0.146;0.146
Q8_14_seed_106652403;14453;Hash Join;9;Outer;;0;12500;62500;5;0.04;2.46;4586.84;4;0.0;0;0.395;32.059;14454;Seq Scan;10;Outer;;3600;62500;0;0;0.4166666666666667;0.0;4225.0;8;150000.0;0;0.0;0.0;0.0;0.0;14455;Hash;10;Inner;;0;5;5;0;1.0;2.4;2.4;4;0.0;0;14456;Hash Join;11;Outer;;0;5;25;1;0.2;1.07;2.4;4;0.0;0;0.009;0.009;0.127;0.127
Q8_150_seed_1231235959;14473;Hash Join;7;Outer;;0;29497;147487;12500;1.599978303172483e-05;4743.09;38813.14;8;0.0;0;33.433;210.452;14474;Seq Scan;8;Outer;;26136;147487;0;0;0.0983246666666666;0.0;33394.06;12;1500000.0;0;0.0;0.0;0.0;0.0;14475;Hash;8;Inner;;0;12500;12500;0;1.0;4586.84;4586.84;4;0.0;0;14476;Hash Join;9;Outer;;0;12500;62500;5;0.04;2.46;4586.84;4;0.0;0;0.356;30.967;0.159;0.159
Q8_150_seed_1231235959;14476;Hash Join;9;Outer;;0;12500;62500;5;0.04;2.46;4586.84;4;0.0;0;0.529;32.435;14477;Seq Scan;10;Outer;;3600;62500;0;0;0.4166666666666667;0.0;4225.0;8;150000.0;0;0.0;0.0;0.0;0.0;14478;Hash;10;Inner;;0;5;5;0;1.0;2.4;2.4;4;0.0;0;14479;Hash Join;11;Outer;;0;5;25;1;0.2;1.07;2.4;4;0.0;0;0.02;0.021;0.124;0.124
Q8_15_seed_114856434;14496;Hash Join;7;Outer;;0;29497;147487;12500;1.599978303172483e-05;4743.09;38813.14;8;0.0;0;36.382;214.505;14497;Seq Scan;8;Outer;;26136;147487;0;0;0.0983246666666666;0.0;33394.06;12;1500000.0;0;0.0;0.0;0.0;0.0;14498;Hash;8;Inner;;0;12500;12500;0;1.0;4586.84;4586.84;4;0.0;0;14499;Hash Join;9;Outer;;0;12500;62500;5;0.04;2.46;4586.84;4;0.0;0;0.2;33.832;0.214;0.214
Q8_15_seed_114856434;14499;Hash Join;9;Outer;;0;12500;62500;5;0.04;2.46;4586.84;4;0.0;0;0.425;35.398;14500;Seq Scan;10;Outer;;3600;62500;0;0;0.4166666666666667;0.0;4225.0;8;150000.0;0;0.0;0.0;0.0;0.0;14501;Hash;10;Inner;;0;5;5;0;1.0;2.4;2.4;4;0.0;0;14502;Hash Join;11;Outer;;0;5;25;1;0.2;1.07;2.4;4;0.0;0;0.017;0.018;0.185;0.185
Q8_16_seed_123060465;14519;Hash Join;7;Outer;;0;29497;147487;12500;1.599978303172483e-05;4743.09;38813.14;8;0.0;0;37.436;213.062;14520;Seq Scan;8;Outer;;26136;147487;0;0;0.0983246666666666;0.0;33394.06;12;1500000.0;0;0.0;0.0;0.0;0.0;14521;Hash;8;Inner;;0;12500;12500;0;1.0;4586.84;4586.84;4;0.0;0;14522;Hash Join;9;Outer;;0;12500;62500;5;0.04;2.46;4586.84;4;0.0;0;0.068;34.501;0.456;0.456
Q8_16_seed_123060465;14522;Hash Join;9;Outer;;0;12500;62500;5;0.04;2.46;4586.84;4;0.0;0;0.537;36.274;14523;Seq Scan;10;Outer;;3600;62500;0;0;0.4166666666666667;0.0;4225.0;8;150000.0;0;0.0;0.0;0.0;0.0;14524;Hash;10;Inner;;0;5;5;0;1.0;2.4;2.4;4;0.0;0;14525;Hash Join;11;Outer;;0;5;25;1;0.2;1.07;2.4;4;0.0;0;0.015;0.015;0.425;0.426
Q8_17_seed_131264496;14542;Hash Join;7;Outer;;0;29497;147487;12500;1.599978303172483e-05;4743.09;38813.14;8;0.0;0;39.25;217.055;14543;Seq Scan;8;Outer;;26136;147487;0;0;0.0983246666666666;0.0;33394.06;12;1500000.0;0;0.0;0.0;0.0;0.0;14544;Hash;8;Inner;;0;12500;12500;0;1.0;4586.84;4586.84;4;0.0;0;14545;Hash Join;9;Outer;;0;12500;62500;5;0.04;2.46;4586.84;4;0.0;0;0.188;36.646;0.204;0.204
Q8_17_seed_131264496;14545;Hash Join;9;Outer;;0;12500;62500;5;0.04;2.46;4586.84;4;0.0;0;0.403;38.186;14546;Seq Scan;10;Outer;;3600;62500;0;0;0.4166666666666667;0.0;4225.0;8;150000.0;0;0.0;0.0;0.0;0.0;14547;Hash;10;Inner;;0;5;5;0;1.0;2.4;2.4;4;0.0;0;14548;Hash Join;11;Outer;;0;5;25;1;0.2;1.07;2.4;4;0.0;0;0.009;0.01;0.184;0.185
Q8_18_seed_139468527;14565;Hash Join;7;Outer;;0;29497;147487;12500;1.599978303172483e-05;4743.09;38813.14;8;0.0;0;34.882;214.838;14566;Seq Scan;8;Outer;;26136;147487;0;0;0.0983246666666666;0.0;33394.06;12;1500000.0;0;0.0;0.0;0.0;0.0;14567;Hash;8;Inner;;0;12500;12500;0;1.0;4586.84;4586.84;4;0.0;0;14568;Hash Join;9;Outer;;0;12500;62500;5;0.04;2.46;4586.84;4;0.0;0;0.066;32.318;0.185;0.186
Q8_18_seed_139468527;14568;Hash Join;9;Outer;;0;12500;62500;5;0.04;2.46;4586.84;4;0.0;0;0.258;33.804;14569;Seq Scan;10;Outer;;3600;62500;0;0;0.4166666666666667;0.0;4225.0;8;150000.0;0;0.0;0.0;0.0;0.0;14570;Hash;10;Inner;;0;5;5;0;1.0;2.4;2.4;4;0.0;0;14571;Hash Join;11;Outer;;0;5;25;1;0.2;1.07;2.4;4;0.0;0;0.009;0.01;0.155;0.155
Q8_19_seed_147672558;14588;Hash Join;7;Outer;;0;29497;147487;12500;1.599978303172483e-05;4743.09;38813.14;8;0.0;0;35.309;208.736;14589;Seq Scan;8;Outer;;26136;147487;0;0;0.0983246666666666;0.0;33394.06;12;1500000.0;0;0.0;0.0;0.0;0.0;14590;Hash;8;Inner;;0;12500;12500;0;1.0;4586.84;4586.84;4;0.0;0;14591;Hash Join;9;Outer;;0;12500;62500;5;0.04;2.46;4586.84;4;0.0;0;0.073;30.495;2.503;2.504
Q8_19_seed_147672558;14591;Hash Join;9;Outer;;0;12500;62500;5;0.04;2.46;4586.84;4;0.0;0;2.584;34.288;14592;Seq Scan;10;Outer;;3600;62500;0;0;0.4166666666666667;0.0;4225.0;8;150000.0;0;0.0;0.0;0.0;0.0;14593;Hash;10;Inner;;0;5;5;0;1.0;2.4;2.4;4;0.0;0;14594;Hash Join;11;Outer;;0;5;25;1;0.2;1.07;2.4;4;0.0;0;0.008;0.008;2.486;2.486
Q8_1_seed_0101000000;14611;Hash Join;7;Outer;;0;29497;147487;12500;1.599978303172483e-05;4743.09;38813.14;8;0.0;0;36.974;214.131;14612;Seq Scan;8;Outer;;26136;147487;0;0;0.0983246666666666;0.0;33394.06;12;1500000.0;0;0.0;0.0;0.0;0.0;14613;Hash;8;Inner;;0;12500;12500;0;1.0;4586.84;4586.84;4;0.0;0;14614;Hash Join;9;Outer;;0;12500;62500;5;0.04;2.46;4586.84;4;0.0;0;0.078;34.304;0.191;0.192
Q8_1_seed_0101000000;14614;Hash Join;9;Outer;;0;12500;62500;5;0.04;2.46;4586.84;4;0.0;0;0.276;35.858;14615;Seq Scan;10;Outer;;3600;62500;0;0;0.4166666666666667;0.0;4225.0;8;150000.0;0;0.0;0.0;0.0;0.0;14616;Hash;10;Inner;;0;5;5;0;1.0;2.4;2.4;4;0.0;0;14617;Hash Join;11;Outer;;0;5;25;1;0.2;1.07;2.4;4;0.0;0;0.012;0.013;0.168;0.168
Q8_20_seed_155876589;14634;Hash Join;7;Outer;;0;29497;147487;12500;1.599978303172483e-05;4743.09;38813.14;8;0.0;0;36.357;217.191;14635;Seq Scan;8;Outer;;26136;147487;0;0;0.0983246666666666;0.0;33394.06;12;1500000.0;0;0.0;0.0;0.0;0.0;14636;Hash;8;Inner;;0;12500;12500;0;1.0;4586.84;4586.84;4;0.0;0;14637;Hash Join;9;Outer;;0;12500;62500;5;0.04;2.46;4586.84;4;0.0;0;0.188;33.124;0.221;0.221
Q8_20_seed_155876589;14637;Hash Join;9;Outer;;0;12500;62500;5;0.04;2.46;4586.84;4;0.0;0;0.416;34.698;14638;Seq Scan;10;Outer;;3600;62500;0;0;0.4166666666666667;0.0;4225.0;8;150000.0;0;0.0;0.0;0.0;0.0;14639;Hash;10;Inner;;0;5;5;0;1.0;2.4;2.4;4;0.0;0;14640;Hash Join;11;Outer;;0;5;25;1;0.2;1.07;2.4;4;0.0;0;0.009;0.009;0.203;0.203
Q8_21_seed_164080620;14657;Hash Join;7;Outer;;0;29497;147487;12500;1.599978303172483e-05;4743.09;38813.14;8;0.0;0;37.98;211.462;14658;Seq Scan;8;Outer;;26136;147487;0;0;0.0983246666666666;0.0;33394.06;12;1500000.0;0;0.0;0.0;0.0;0.0;14659;Hash;8;Inner;;0;12500;12500;0;1.0;4586.84;4586.84;4;0.0;0;14660;Hash Join;9;Outer;;0;12500;62500;5;0.04;2.46;4586.84;4;0.0;0;0.194;33.462;0.218;0.219
Q8_21_seed_164080620;14660;Hash Join;9;Outer;;0;12500;62500;5;0.04;2.46;4586.84;4;0.0;0;0.419;34.976;14661;Seq Scan;10;Outer;;3600;62500;0;0;0.4166666666666667;0.0;4225.0;8;150000.0;0;0.0;0.0;0.0;0.0;14662;Hash;10;Inner;;0;5;5;0;1.0;2.4;2.4;4;0.0;0;14663;Hash Join;11;Outer;;0;5;25;1;0.2;1.07;2.4;4;0.0;0;0.011;0.011;0.197;0.197
Q8_22_seed_172284651;14680;Hash Join;7;Outer;;0;29497;147487;12500;1.599978303172483e-05;4743.09;38813.14;8;0.0;0;38.638;216.602;14681;Seq Scan;8;Outer;;26136;147487;0;0;0.0983246666666666;0.0;33394.06;12;1500000.0;0;0.0;0.0;0.0;0.0;14682;Hash;8;Inner;;0;12500;12500;0;1.0;4586.84;4586.84;4;0.0;0;14683;Hash Join;9;Outer;;0;12500;62500;5;0.04;2.46;4586.84;4;0.0;0;0.074;35.828;0.505;0.506
Q8_22_seed_172284651;14683;Hash Join;9;Outer;;0;12500;62500;5;0.04;2.46;4586.84;4;0.0;0;0.586;37.627;14684;Seq Scan;10;Outer;;3600;62500;0;0;0.4166666666666667;0.0;4225.0;8;150000.0;0;0.0;0.0;0.0;0.0;14685;Hash;10;Inner;;0;5;5;0;1.0;2.4;2.4;4;0.0;0;14686;Hash Join;11;Outer;;0;5;25;1;0.2;1.07;2.4;4;0.0;0;0.009;0.009;0.483;0.484
Q8_23_seed_180488682;14703;Hash Join;7;Outer;;0;29497;147487;12500;1.599978303172483e-05;4743.09;38813.14;8;0.0;0;38.999;213.68;14704;Seq Scan;8;Outer;;26136;147487;0;0;0.0983246666666666;0.0;33394.06;12;1500000.0;0;0.0;0.0;0.0;0.0;14705;Hash;8;Inner;;0;12500;12500;0;1.0;4586.84;4586.84;4;0.0;0;14706;Hash Join;9;Outer;;0;12500;62500;5;0.04;2.46;4586.84;4;0.0;0;0.021;35.371;0.378;0.378
Q8_23_seed_180488682;14706;Hash Join;9;Outer;;0;12500;62500;5;0.04;2.46;4586.84;4;0.0;0;0.407;37.096;14707;Seq Scan;10;Outer;;3600;62500;0;0;0.4166666666666667;0.0;4225.0;8;150000.0;0;0.0;0.0;0.0;0.0;14708;Hash;10;Inner;;0;5;5;0;1.0;2.4;2.4;4;0.0;0;14709;Hash Join;11;Outer;;0;5;25;1;0.2;1.07;2.4;4;0.0;0;0.012;0.013;0.355;0.355
Q8_24_seed_188692713;14726;Hash Join;7;Outer;;0;29497;147487;12500;1.599978303172483e-05;4743.09;38813.14;8;0.0;0;35.309;218.735;14727;Seq Scan;8;Outer;;26136;147487;0;0;0.0983246666666666;0.0;33394.06;12;1500000.0;0;0.0;0.0;0.0;0.0;14728;Hash;8;Inner;;0;12500;12500;0;1.0;4586.84;4586.84;4;0.0;0;14729;Hash Join;9;Outer;;0;12500;62500;5;0.04;2.46;4586.84;4;0.0;0;0.251;32.548;0.257;0.258
Q8_24_seed_188692713;14729;Hash Join;9;Outer;;0;12500;62500;5;0.04;2.46;4586.84;4;0.0;0;0.516;34.135;14730;Seq Scan;10;Outer;;3600;62500;0;0;0.4166666666666667;0.0;4225.0;8;150000.0;0;0.0;0.0;0.0;0.0;14731;Hash;10;Inner;;0;5;5;0;1.0;2.4;2.4;4;0.0;0;14732;Hash Join;11;Outer;;0;5;25;1;0.2;1.07;2.4;4;0.0;0;0.01;0.01;0.234;0.234
Q8_25_seed_196896744;14749;Hash Join;7;Outer;;0;29497;147487;12500;1.599978303172483e-05;4743.09;38813.14;8;0.0;0;36.014;213.106;14750;Seq Scan;8;Outer;;26136;147487;0;0;0.0983246666666666;0.0;33394.06;12;1500000.0;0;0.0;0.0;0.0;0.0;14751;Hash;8;Inner;;0;12500;12500;0;1.0;4586.84;4586.84;4;0.0;0;14752;Hash Join;9;Outer;;0;12500;62500;5;0.04;2.46;4586.84;4;0.0;0;0.217;33.203;0.08;0.08
Q8_25_seed_196896744;14752;Hash Join;9;Outer;;0;12500;62500;5;0.04;2.46;4586.84;4;0.0;0;0.302;34.573;14753;Seq Scan;10;Outer;;3600;62500;0;0;0.4166666666666667;0.0;4225.0;8;150000.0;0;0.0;0.0;0.0;0.0;14754;Hash;10;Inner;;0;5;5;0;1.0;2.4;2.4;4;0.0;0;14755;Hash Join;11;Outer;;0;5;25;1;0.2;1.07;2.4;4;0.0;0;0.009;0.01;0.063;0.063
Q8_26_seed_205100775;14772;Hash Join;7;Outer;;0;29497;147487;12500;1.599978303172483e-05;4743.09;38813.14;8;0.0;0;37.074;209.828;14773;Seq Scan;8;Outer;;26136;147487;0;0;0.0983246666666666;0.0;33394.06;12;1500000.0;0;0.0;0.0;0.0;0.0;14774;Hash;8;Inner;;0;12500;12500;0;1.0;4586.84;4586.84;4;0.0;0;14775;Hash Join;9;Outer;;0;12500;62500;5;0.04;2.46;4586.84;4;0.0;0;0.373;34.2;0.153;0.154
Q8_26_seed_205100775;14775;Hash Join;9;Outer;;0;12500;62500;5;0.04;2.46;4586.84;4;0.0;0;0.541;35.729;14776;Seq Scan;10;Outer;;3600;62500;0;0;0.4166666666666667;0.0;4225.0;8;150000.0;0;0.0;0.0;0.0;0.0;14777;Hash;10;Inner;;0;5;5;0;1.0;2.4;2.4;4;0.0;0;14778;Hash Join;11;Outer;;0;5;25;1;0.2;1.07;2.4;4;0.0;0;0.015;0.016;0.124;0.124
Q8_27_seed_213304806;14795;Hash Join;7;Outer;;0;29497;147487;12500;1.599978303172483e-05;4743.09;38813.14;8;0.0;0;34.012;212.203;14796;Seq Scan;8;Outer;;26136;147487;0;0;0.0983246666666666;0.0;33394.06;12;1500000.0;0;0.0;0.0;0.0;0.0;14797;Hash;8;Inner;;0;12500;12500;0;1.0;4586.84;4586.84;4;0.0;0;14798;Hash Join;9;Outer;;0;12500;62500;5;0.04;2.46;4586.84;4;0.0;0;0.079;30.971;0.229;0.229
Q8_27_seed_213304806;14798;Hash Join;9;Outer;;0;12500;62500;5;0.04;2.46;4586.84;4;0.0;0;0.314;32.963;14799;Seq Scan;10;Outer;;3600;62500;0;0;0.4166666666666667;0.0;4225.0;8;150000.0;0;0.0;0.0;0.0;0.0;14800;Hash;10;Inner;;0;5;5;0;1.0;2.4;2.4;4;0.0;0;14801;Hash Join;11;Outer;;0;5;25;1;0.2;1.07;2.4;4;0.0;0;0.009;0.01;0.207;0.207
Q8_28_seed_221508837;14818;Hash Join;7;Outer;;0;29497;147487;12500;1.599978303172483e-05;4743.09;38813.14;8;0.0;0;32.228;207.562;14819;Seq Scan;8;Outer;;26136;147487;0;0;0.0983246666666666;0.0;33394.06;12;1500000.0;0;0.0;0.0;0.0;0.0;14820;Hash;8;Inner;;0;12500;12500;0;1.0;4586.84;4586.84;4;0.0;0;14821;Hash Join;9;Outer;;0;12500;62500;5;0.04;2.46;4586.84;4;0.0;0;0.06;28.994;0.215;0.216
Q8_28_seed_221508837;14821;Hash Join;9;Outer;;0;12500;62500;5;0.04;2.46;4586.84;4;0.0;0;0.281;30.5;14822;Seq Scan;10;Outer;;3600;62500;0;0;0.4166666666666667;0.0;4225.0;8;150000.0;0;0.0;0.0;0.0;0.0;14823;Hash;10;Inner;;0;5;5;0;1.0;2.4;2.4;4;0.0;0;14824;Hash Join;11;Outer;;0;5;25;1;0.2;1.07;2.4;4;0.0;0;0.009;0.01;0.197;0.197
Q8_29_seed_229712868;14841;Hash Join;7;Outer;;0;29497;147487;12500;1.599978303172483e-05;4743.09;38813.14;8;0.0;0;31.074;205.861;14842;Seq Scan;8;Outer;;26136;147487;0;0;0.0983246666666666;0.0;33394.06;12;1500000.0;0;0.0;0.0;0.0;0.0;14843;Hash;8;Inner;;0;12500;12500;0;1.0;4586.84;4586.84;4;0.0;0;14844;Hash Join;9;Outer;;0;12500;62500;5;0.04;2.46;4586.84;4;0.0;0;0.399;28.529;0.089;0.089
Q8_29_seed_229712868;14844;Hash Join;9;Outer;;0;12500;62500;5;0.04;2.46;4586.84;4;0.0;0;0.498;29.932;14845;Seq Scan;10;Outer;;3600;62500;0;0;0.4166666666666667;0.0;4225.0;8;150000.0;0;0.0;0.0;0.0;0.0;14846;Hash;10;Inner;;0;5;5;0;1.0;2.4;2.4;4;0.0;0;14847;Hash Join;11;Outer;;0;5;25;1;0.2;1.07;2.4;4;0.0;0;0.009;0.01;0.07;0.07
Q8_2_seed_8204031;14864;Hash Join;7;Outer;;0;29497;147487;12500;1.599978303172483e-05;4743.09;38813.14;8;0.0;0;37.214;216.952;14865;Seq Scan;8;Outer;;26136;147487;0;0;0.0983246666666666;0.0;33394.06;12;1500000.0;0;0.0;0.0;0.0;0.0;14866;Hash;8;Inner;;0;12500;12500;0;1.0;4586.84;4586.84;4;0.0;0;14867;Hash Join;9;Outer;;0;12500;62500;5;0.04;2.46;4586.84;4;0.0;0;0.072;34.562;0.225;0.226
Q8_2_seed_8204031;14867;Hash Join;9;Outer;;0;12500;62500;5;0.04;2.46;4586.84;4;0.0;0;0.306;36.148;14868;Seq Scan;10;Outer;;3600;62500;0;0;0.4166666666666667;0.0;4225.0;8;150000.0;0;0.0;0.0;0.0;0.0;14869;Hash;10;Inner;;0;5;5;0;1.0;2.4;2.4;4;0.0;0;14870;Hash Join;11;Outer;;0;5;25;1;0.2;1.07;2.4;4;0.0;0;0.009;0.01;0.205;0.205
Q8_32_seed_254324961;14933;Hash Join;7;Outer;;0;29497;147487;12500;1.599978303172483e-05;4743.09;38813.14;8;0.0;0;33.833;212.487;14934;Seq Scan;8;Outer;;26136;147487;0;0;0.0983246666666666;0.0;33394.06;12;1500000.0;0;0.0;0.0;0.0;0.0;14935;Hash;8;Inner;;0;12500;12500;0;1.0;4586.84;4586.84;4;0.0;0;14936;Hash Join;9;Outer;;0;12500;62500;5;0.04;2.46;4586.84;4;0.0;0;0.014;31.532;0.082;0.083
Q8_32_seed_254324961;14936;Hash Join;9;Outer;;0;12500;62500;5;0.04;2.46;4586.84;4;0.0;0;0.103;32.949;14937;Seq Scan;10;Outer;;3600;62500;0;0;0.4166666666666667;0.0;4225.0;8;150000.0;0;0.0;0.0;0.0;0.0;14938;Hash;10;Inner;;0;5;5;0;1.0;2.4;2.4;4;0.0;0;14939;Hash Join;11;Outer;;0;5;25;1;0.2;1.07;2.4;4;0.0;0;0.01;0.011;0.06;0.06
Q8_33_seed_262528992;14956;Hash Join;7;Outer;;0;29497;147487;12500;1.599978303172483e-05;4743.09;38813.14;8;0.0;0;37.31;215.261;14957;Seq Scan;8;Outer;;26136;147487;0;0;0.0983246666666666;0.0;33394.06;12;1500000.0;0;0.0;0.0;0.0;0.0;14958;Hash;8;Inner;;0;12500;12500;0;1.0;4586.84;4586.84;4;0.0;0;14959;Hash Join;9;Outer;;0;12500;62500;5;0.04;2.46;4586.84;4;0.0;0;0.072;33.993;0.246;0.247
Q8_33_seed_262528992;14959;Hash Join;9;Outer;;0;12500;62500;5;0.04;2.46;4586.84;4;0.0;0;0.327;35.542;14960;Seq Scan;10;Outer;;3600;62500;0;0;0.4166666666666667;0.0;4225.0;8;150000.0;0;0.0;0.0;0.0;0.0;14961;Hash;10;Inner;;0;5;5;0;1.0;2.4;2.4;4;0.0;0;14962;Hash Join;11;Outer;;0;5;25;1;0.2;1.07;2.4;4;0.0;0;0.009;0.01;0.227;0.227
Q8_34_seed_270733023;14979;Hash Join;7;Outer;;0;29497;147487;12500;1.599978303172483e-05;4743.09;38813.14;8;0.0;0;34.298;207.293;14980;Seq Scan;8;Outer;;26136;147487;0;0;0.0983246666666666;0.0;33394.06;12;1500000.0;0;0.0;0.0;0.0;0.0;14981;Hash;8;Inner;;0;12500;12500;0;1.0;4586.84;4586.84;4;0.0;0;14982;Hash Join;9;Outer;;0;12500;62500;5;0.04;2.46;4586.84;4;0.0;0;0.359;31.829;0.166;0.166
Q8_34_seed_270733023;14982;Hash Join;9;Outer;;0;12500;62500;5;0.04;2.46;4586.84;4;0.0;0;0.534;33.32;14983;Seq Scan;10;Outer;;3600;62500;0;0;0.4166666666666667;0.0;4225.0;8;150000.0;0;0.0;0.0;0.0;0.0;14984;Hash;10;Inner;;0;5;5;0;1.0;2.4;2.4;4;0.0;0;14985;Hash Join;11;Outer;;0;5;25;1;0.2;1.07;2.4;4;0.0;0;0.008;0.009;0.148;0.148
Q8_36_seed_287141085;15025;Hash Join;7;Outer;;0;29497;147487;12500;1.599978303172483e-05;4743.09;38813.14;8;0.0;0;34.31;215.007;15026;Seq Scan;8;Outer;;26136;147487;0;0;0.0983246666666666;0.0;33394.06;12;1500000.0;0;0.0;0.0;0.0;0.0;15027;Hash;8;Inner;;0;12500;12500;0;1.0;4586.84;4586.84;4;0.0;0;15028;Hash Join;9;Outer;;0;12500;62500;5;0.04;2.46;4586.84;4;0.0;0;0.015;30.427;0.081;0.082
Q8_36_seed_287141085;15028;Hash Join;9;Outer;;0;12500;62500;5;0.04;2.46;4586.84;4;0.0;0;0.104;31.82;15029;Seq Scan;10;Outer;;3600;62500;0;0;0.4166666666666667;0.0;4225.0;8;150000.0;0;0.0;0.0;0.0;0.0;15030;Hash;10;Inner;;0;5;5;0;1.0;2.4;2.4;4;0.0;0;15031;Hash Join;11;Outer;;0;5;25;1;0.2;1.07;2.4;4;0.0;0;0.008;0.009;0.061;0.062
Q8_37_seed_295345116;15048;Hash Join;7;Outer;;0;29497;147487;12500;1.599978303172483e-05;4743.09;38813.14;8;0.0;0;36.869;216.401;15049;Seq Scan;8;Outer;;26136;147487;0;0;0.0983246666666666;0.0;33394.06;12;1500000.0;0;0.0;0.0;0.0;0.0;15050;Hash;8;Inner;;0;12500;12500;0;1.0;4586.84;4586.84;4;0.0;0;15051;Hash Join;9;Outer;;0;12500;62500;5;0.04;2.46;4586.84;4;0.0;0;0.475;32.755;0.169;0.17
Q8_37_seed_295345116;15051;Hash Join;9;Outer;;0;12500;62500;5;0.04;2.46;4586.84;4;0.0;0;0.652;34.256;15052;Seq Scan;10;Outer;;3600;62500;0;0;0.4166666666666667;0.0;4225.0;8;150000.0;0;0.0;0.0;0.0;0.0;15053;Hash;10;Inner;;0;5;5;0;1.0;2.4;2.4;4;0.0;0;15054;Hash Join;11;Outer;;0;5;25;1;0.2;1.07;2.4;4;0.0;0;0.011;0.011;0.147;0.147
Q8_38_seed_303549147;15071;Hash Join;7;Outer;;0;29497;147487;12500;1.599978303172483e-05;4743.09;38813.14;8;0.0;0;34.393;211.175;15072;Seq Scan;8;Outer;;26136;147487;0;0;0.0983246666666666;0.0;33394.06;12;1500000.0;0;0.0;0.0;0.0;0.0;15073;Hash;8;Inner;;0;12500;12500;0;1.0;4586.84;4586.84;4;0.0;0;15074;Hash Join;9;Outer;;0;12500;62500;5;0.04;2.46;4586.84;4;0.0;0;0.171;31.624;0.104;0.104
Q8_38_seed_303549147;15074;Hash Join;9;Outer;;0;12500;62500;5;0.04;2.46;4586.84;4;0.0;0;0.287;33.055;15075;Seq Scan;10;Outer;;3600;62500;0;0;0.4166666666666667;0.0;4225.0;8;150000.0;0;0.0;0.0;0.0;0.0;15076;Hash;10;Inner;;0;5;5;0;1.0;2.4;2.4;4;0.0;0;15077;Hash Join;11;Outer;;0;5;25;1;0.2;1.07;2.4;4;0.0;0;0.013;0.014;0.073;0.073
Q8_39_seed_311753178;15094;Hash Join;7;Outer;;0;29497;147487;12500;1.599978303172483e-05;4743.09;38813.14;8;0.0;0;40.58;218.877;15095;Seq Scan;8;Outer;;26136;147487;0;0;0.0983246666666666;0.0;33394.06;12;1500000.0;0;0.0;0.0;0.0;0.0;15096;Hash;8;Inner;;0;12500;12500;0;1.0;4586.84;4586.84;4;0.0;0;15097;Hash Join;9;Outer;;0;12500;62500;5;0.04;2.46;4586.84;4;0.0;0;0.116;38.171;0.183;0.184
Q8_39_seed_311753178;15097;Hash Join;9;Outer;;0;12500;62500;5;0.04;2.46;4586.84;4;0.0;0;0.306;39.663;15098;Seq Scan;10;Outer;;3600;62500;0;0;0.4166666666666667;0.0;4225.0;8;150000.0;0;0.0;0.0;0.0;0.0;15099;Hash;10;Inner;;0;5;5;0;1.0;2.4;2.4;4;0.0;0;15100;Hash Join;11;Outer;;0;5;25;1;0.2;1.07;2.4;4;0.0;0;0.009;0.01;0.164;0.165
Q8_3_seed_16408062;15117;Hash Join;7;Outer;;0;29497;147487;12500;1.599978303172483e-05;4743.09;38813.14;8;0.0;0;44.151;219.51;15118;Seq Scan;8;Outer;;26136;147487;0;0;0.0983246666666666;0.0;33394.06;12;1500000.0;0;0.0;0.0;0.0;0.0;15119;Hash;8;Inner;;0;12500;12500;0;1.0;4586.84;4586.84;4;0.0;0;15120;Hash Join;9;Outer;;0;12500;62500;5;0.04;2.46;4586.84;4;0.0;0;0.174;41.464;0.156;0.157
Q8_3_seed_16408062;15120;Hash Join;9;Outer;;0;12500;62500;5;0.04;2.46;4586.84;4;0.0;0;0.34;43.075;15121;Seq Scan;10;Outer;;3600;62500;0;0;0.4166666666666667;0.0;4225.0;8;150000.0;0;0.0;0.0;0.0;0.0;15122;Hash;10;Inner;;0;5;5;0;1.0;2.4;2.4;4;0.0;0;15123;Hash Join;11;Outer;;0;5;25;1;0.2;1.07;2.4;4;0.0;0;0.009;0.01;0.138;0.138
Q8_43_seed_344569302;15209;Hash Join;7;Outer;;0;29497;147487;12500;1.599978303172483e-05;4743.09;38813.14;8;0.0;0;34.176;211.065;15210;Seq Scan;8;Outer;;26136;147487;0;0;0.0983246666666666;0.0;33394.06;12;1500000.0;0;0.0;0.0;0.0;0.0;15211;Hash;8;Inner;;0;12500;12500;0;1.0;4586.84;4586.84;4;0.0;0;15212;Hash Join;9;Outer;;0;12500;62500;5;0.04;2.46;4586.84;4;0.0;0;0.169;31.698;0.22;0.22
Q8_43_seed_344569302;15212;Hash Join;9;Outer;;0;12500;62500;5;0.04;2.46;4586.84;4;0.0;0;0.398;33.196;15213;Seq Scan;10;Outer;;3600;62500;0;0;0.4166666666666667;0.0;4225.0;8;150000.0;0;0.0;0.0;0.0;0.0;15214;Hash;10;Inner;;0;5;5;0;1.0;2.4;2.4;4;0.0;0;15215;Hash Join;11;Outer;;0;5;25;1;0.2;1.07;2.4;4;0.0;0;0.008;0.008;0.202;0.202
Q8_44_seed_352773333;15232;Hash Join;7;Outer;;0;29497;147487;12500;1.599978303172483e-05;4743.09;38813.14;8;0.0;0;33.589;210.89;15233;Seq Scan;8;Outer;;26136;147487;0;0;0.0983246666666666;0.0;33394.06;12;1500000.0;0;0.0;0.0;0.0;0.0;15234;Hash;8;Inner;;0;12500;12500;0;1.0;4586.84;4586.84;4;0.0;0;15235;Hash Join;9;Outer;;0;12500;62500;5;0.04;2.46;4586.84;4;0.0;0;0.318;30.186;0.085;0.085
Q8_44_seed_352773333;15235;Hash Join;9;Outer;;0;12500;62500;5;0.04;2.46;4586.84;4;0.0;0;0.409;31.71;15236;Seq Scan;10;Outer;;3600;62500;0;0;0.4166666666666667;0.0;4225.0;8;150000.0;0;0.0;0.0;0.0;0.0;15237;Hash;10;Inner;;0;5;5;0;1.0;2.4;2.4;4;0.0;0;15238;Hash Join;11;Outer;;0;5;25;1;0.2;1.07;2.4;4;0.0;0;0.008;0.008;0.065;0.066
Q8_45_seed_360977364;15255;Hash Join;7;Outer;;0;29497;147487;12500;1.599978303172483e-05;4743.09;38813.14;8;0.0;0;38.392;216.844;15256;Seq Scan;8;Outer;;26136;147487;0;0;0.0983246666666666;0.0;33394.06;12;1500000.0;0;0.0;0.0;0.0;0.0;15257;Hash;8;Inner;;0;12500;12500;0;1.0;4586.84;4586.84;4;0.0;0;15258;Hash Join;9;Outer;;0;12500;62500;5;0.04;2.46;4586.84;4;0.0;0;0.177;35.781;0.209;0.21
Q8_45_seed_360977364;15258;Hash Join;9;Outer;;0;12500;62500;5;0.04;2.46;4586.84;4;0.0;0;0.398;37.328;15259;Seq Scan;10;Outer;;3600;62500;0;0;0.4166666666666667;0.0;4225.0;8;150000.0;0;0.0;0.0;0.0;0.0;15260;Hash;10;Inner;;0;5;5;0;1.0;2.4;2.4;4;0.0;0;15261;Hash Join;11;Outer;;0;5;25;1;0.2;1.07;2.4;4;0.0;0;0.009;0.01;0.191;0.191
Q8_46_seed_369181395;15278;Hash Join;7;Outer;;0;29497;147487;12500;1.599978303172483e-05;4743.09;38813.14;8;0.0;0;36.872;217.433;15279;Seq Scan;8;Outer;;26136;147487;0;0;0.0983246666666666;0.0;33394.06;12;1500000.0;0;0.0;0.0;0.0;0.0;15280;Hash;8;Inner;;0;12500;12500;0;1.0;4586.84;4586.84;4;0.0;0;15281;Hash Join;9;Outer;;0;12500;62500;5;0.04;2.46;4586.84;4;0.0;0;0.192;34.339;0.097;0.097
Q8_46_seed_369181395;15281;Hash Join;9;Outer;;0;12500;62500;5;0.04;2.46;4586.84;4;0.0;0;0.301;35.716;15282;Seq Scan;10;Outer;;3600;62500;0;0;0.4166666666666667;0.0;4225.0;8;150000.0;0;0.0;0.0;0.0;0.0;15283;Hash;10;Inner;;0;5;5;0;1.0;2.4;2.4;4;0.0;0;15284;Hash Join;11;Outer;;0;5;25;1;0.2;1.07;2.4;4;0.0;0;0.013;0.014;0.071;0.071
Q8_47_seed_377385426;15301;Hash Join;7;Outer;;0;29497;147487;12500;1.599978303172483e-05;4743.09;38813.14;8;0.0;0;32.323;208.176;15302;Seq Scan;8;Outer;;26136;147487;0;0;0.0983246666666666;0.0;33394.06;12;1500000.0;0;0.0;0.0;0.0;0.0;15303;Hash;8;Inner;;0;12500;12500;0;1.0;4586.84;4586.84;4;0.0;0;15304;Hash Join;9;Outer;;0;12500;62500;5;0.04;2.46;4586.84;4;0.0;0;0.225;29.834;0.249;0.251
Q8_47_seed_377385426;15304;Hash Join;9;Outer;;0;12500;62500;5;0.04;2.46;4586.84;4;0.0;0;0.482;31.441;15305;Seq Scan;10;Outer;;3600;62500;0;0;0.4166666666666667;0.0;4225.0;8;150000.0;0;0.0;0.0;0.0;0.0;15306;Hash;10;Inner;;0;5;5;0;1.0;2.4;2.4;4;0.0;0;15307;Hash Join;11;Outer;;0;5;25;1;0.2;1.07;2.4;4;0.0;0;0.01;0.011;0.228;0.228
Q8_48_seed_385589457;15324;Hash Join;7;Outer;;0;29497;147487;12500;1.599978303172483e-05;4743.09;38813.14;8;0.0;0;39.833;218.705;15325;Seq Scan;8;Outer;;26136;147487;0;0;0.0983246666666666;0.0;33394.06;12;1500000.0;0;0.0;0.0;0.0;0.0;15326;Hash;8;Inner;;0;12500;12500;0;1.0;4586.84;4586.84;4;0.0;0;15327;Hash Join;9;Outer;;0;12500;62500;5;0.04;2.46;4586.84;4;0.0;0;0.097;36.542;0.132;0.133
Q8_48_seed_385589457;15327;Hash Join;9;Outer;;0;12500;62500;5;0.04;2.46;4586.84;4;0.0;0;0.237;38.022;15328;Seq Scan;10;Outer;;3600;62500;0;0;0.4166666666666667;0.0;4225.0;8;150000.0;0;0.0;0.0;0.0;0.0;15329;Hash;10;Inner;;0;5;5;0;1.0;2.4;2.4;4;0.0;0;15330;Hash Join;11;Outer;;0;5;25;1;0.2;1.07;2.4;4;0.0;0;0.01;0.01;0.113;0.113
Q8_49_seed_393793488;15347;Hash Join;7;Outer;;0;29497;147487;12500;1.599978303172483e-05;4743.09;38813.14;8;0.0;0;39.115;213.568;15348;Seq Scan;8;Outer;;26136;147487;0;0;0.0983246666666666;0.0;33394.06;12;1500000.0;0;0.0;0.0;0.0;0.0;15349;Hash;8;Inner;;0;12500;12500;0;1.0;4586.84;4586.84;4;0.0;0;15350;Hash Join;9;Outer;;0;12500;62500;5;0.04;2.46;4586.84;4;0.0;0;0.018;35.975;0.219;0.219
Q8_49_seed_393793488;15350;Hash Join;9;Outer;;0;12500;62500;5;0.04;2.46;4586.84;4;0.0;0;0.246;37.543;15351;Seq Scan;10;Outer;;3600;62500;0;0;0.4166666666666667;0.0;4225.0;8;150000.0;0;0.0;0.0;0.0;0.0;15352;Hash;10;Inner;;0;5;5;0;1.0;2.4;2.4;4;0.0;0;15353;Hash Join;11;Outer;;0;5;25;1;0.2;1.07;2.4;4;0.0;0;0.008;0.008;0.2;0.2
Q8_50_seed_401997519;15393;Hash Join;7;Outer;;0;29497;147487;12500;1.599978303172483e-05;4743.09;38813.14;8;0.0;0;34.383;211.403;15394;Seq Scan;8;Outer;;26136;147487;0;0;0.0983246666666666;0.0;33394.06;12;1500000.0;0;0.0;0.0;0.0;0.0;15395;Hash;8;Inner;;0;12500;12500;0;1.0;4586.84;4586.84;4;0.0;0;15396;Hash Join;9;Outer;;0;12500;62500;5;0.04;2.46;4586.84;4;0.0;0;0.344;31.587;0.2;0.201
Q8_50_seed_401997519;15396;Hash Join;9;Outer;;0;12500;62500;5;0.04;2.46;4586.84;4;0.0;0;0.55;33.105;15397;Seq Scan;10;Outer;;3600;62500;0;0;0.4166666666666667;0.0;4225.0;8;150000.0;0;0.0;0.0;0.0;0.0;15398;Hash;10;Inner;;0;5;5;0;1.0;2.4;2.4;4;0.0;0;15399;Hash Join;11;Outer;;0;5;25;1;0.2;1.07;2.4;4;0.0;0;0.008;0.008;0.183;0.183
Q8_51_seed_410201550;15416;Hash Join;7;Outer;;0;29497;147487;12500;1.599978303172483e-05;4743.09;38813.14;8;0.0;0;31.765;207.496;15417;Seq Scan;8;Outer;;26136;147487;0;0;0.0983246666666666;0.0;33394.06;12;1500000.0;0;0.0;0.0;0.0;0.0;15418;Hash;8;Inner;;0;12500;12500;0;1.0;4586.84;4586.84;4;0.0;0;15419;Hash Join;9;Outer;;0;12500;62500;5;0.04;2.46;4586.84;4;0.0;0;0.181;28.11;0.207;0.208
Q8_51_seed_410201550;15419;Hash Join;9;Outer;;0;12500;62500;5;0.04;2.46;4586.84;4;0.0;0;0.398;29.659;15420;Seq Scan;10;Outer;;3600;62500;0;0;0.4166666666666667;0.0;4225.0;8;150000.0;0;0.0;0.0;0.0;0.0;15421;Hash;10;Inner;;0;5;5;0;1.0;2.4;2.4;4;0.0;0;15422;Hash Join;11;Outer;;0;5;25;1;0.2;1.07;2.4;4;0.0;0;0.01;0.011;0.186;0.186
Q8_52_seed_418405581;15439;Hash Join;7;Outer;;0;29497;147487;12500;1.599978303172483e-05;4743.09;38813.14;8;0.0;0;37.005;214.861;15440;Seq Scan;8;Outer;;26136;147487;0;0;0.0983246666666666;0.0;33394.06;12;1500000.0;0;0.0;0.0;0.0;0.0;15441;Hash;8;Inner;;0;12500;12500;0;1.0;4586.84;4586.84;4;0.0;0;15442;Hash Join;9;Outer;;0;12500;62500;5;0.04;2.46;4586.84;4;0.0;0;0.206;34.332;0.221;0.222
Q8_52_seed_418405581;15442;Hash Join;9;Outer;;0;12500;62500;5;0.04;2.46;4586.84;4;0.0;0;0.437;35.862;15443;Seq Scan;10;Outer;;3600;62500;0;0;0.4166666666666667;0.0;4225.0;8;150000.0;0;0.0;0.0;0.0;0.0;15444;Hash;10;Inner;;0;5;5;0;1.0;2.4;2.4;4;0.0;0;15445;Hash Join;11;Outer;;0;5;25;1;0.2;1.07;2.4;4;0.0;0;0.014;0.015;0.194;0.195
Q8_53_seed_426609612;15462;Hash Join;7;Outer;;0;29497;147487;12500;1.599978303172483e-05;4743.09;38813.14;8;0.0;0;38.408;214.869;15463;Seq Scan;8;Outer;;26136;147487;0;0;0.0983246666666666;0.0;33394.06;12;1500000.0;0;0.0;0.0;0.0;0.0;15464;Hash;8;Inner;;0;12500;12500;0;1.0;4586.84;4586.84;4;0.0;0;15465;Hash Join;9;Outer;;0;12500;62500;5;0.04;2.46;4586.84;4;0.0;0;0.073;35.423;0.223;0.224
Q8_53_seed_426609612;15465;Hash Join;9;Outer;;0;12500;62500;5;0.04;2.46;4586.84;4;0.0;0;0.304;36.93;15466;Seq Scan;10;Outer;;3600;62500;0;0;0.4166666666666667;0.0;4225.0;8;150000.0;0;0.0;0.0;0.0;0.0;15467;Hash;10;Inner;;0;5;5;0;1.0;2.4;2.4;4;0.0;0;15468;Hash Join;11;Outer;;0;5;25;1;0.2;1.07;2.4;4;0.0;0;0.009;0.01;0.204;0.204
Q8_54_seed_434813643;15485;Hash Join;7;Outer;;0;29497;147487;12500;1.599978303172483e-05;4743.09;38813.14;8;0.0;0;36.968;216.894;15486;Seq Scan;8;Outer;;26136;147487;0;0;0.0983246666666666;0.0;33394.06;12;1500000.0;0;0.0;0.0;0.0;0.0;15487;Hash;8;Inner;;0;12500;12500;0;1.0;4586.84;4586.84;4;0.0;0;15488;Hash Join;9;Outer;;0;12500;62500;5;0.04;2.46;4586.84;4;0.0;0;0.07;33.38;0.24;0.24
Q8_54_seed_434813643;15488;Hash Join;9;Outer;;0;12500;62500;5;0.04;2.46;4586.84;4;0.0;0;0.316;34.968;15489;Seq Scan;10;Outer;;3600;62500;0;0;0.4166666666666667;0.0;4225.0;8;150000.0;0;0.0;0.0;0.0;0.0;15490;Hash;10;Inner;;0;5;5;0;1.0;2.4;2.4;4;0.0;0;15491;Hash Join;11;Outer;;0;5;25;1;0.2;1.07;2.4;4;0.0;0;0.007;0.007;0.224;0.224
Q8_57_seed_459425736;15554;Hash Join;7;Outer;;0;29497;147487;12500;1.599978303172483e-05;4743.09;38813.14;8;0.0;0;38.559;216.136;15555;Seq Scan;8;Outer;;26136;147487;0;0;0.0983246666666666;0.0;33394.06;12;1500000.0;0;0.0;0.0;0.0;0.0;15556;Hash;8;Inner;;0;12500;12500;0;1.0;4586.84;4586.84;4;0.0;0;15557;Hash Join;9;Outer;;0;12500;62500;5;0.04;2.46;4586.84;4;0.0;0;0.167;34.814;0.183;0.184
Q8_57_seed_459425736;15557;Hash Join;9;Outer;;0;12500;62500;5;0.04;2.46;4586.84;4;0.0;0;0.36;36.253;15558;Seq Scan;10;Outer;;3600;62500;0;0;0.4166666666666667;0.0;4225.0;8;150000.0;0;0.0;0.0;0.0;0.0;15559;Hash;10;Inner;;0;5;5;0;1.0;2.4;2.4;4;0.0;0;15560;Hash Join;11;Outer;;0;5;25;1;0.2;1.07;2.4;4;0.0;0;0.01;0.01;0.159;0.159
Q8_58_seed_467629767;15577;Hash Join;7;Outer;;0;29497;147487;12500;1.599978303172483e-05;4743.09;38813.14;8;0.0;0;43.912;223.435;15578;Seq Scan;8;Outer;;26136;147487;0;0;0.0983246666666666;0.0;33394.06;12;1500000.0;0;0.0;0.0;0.0;0.0;15579;Hash;8;Inner;;0;12500;12500;0;1.0;4586.84;4586.84;4;0.0;0;15580;Hash Join;9;Outer;;0;12500;62500;5;0.04;2.46;4586.84;4;0.0;0;0.018;41.174;0.259;0.26
Q8_58_seed_467629767;15580;Hash Join;9;Outer;;0;12500;62500;5;0.04;2.46;4586.84;4;0.0;0;0.286;42.804;15581;Seq Scan;10;Outer;;3600;62500;0;0;0.4166666666666667;0.0;4225.0;8;150000.0;0;0.0;0.0;0.0;0.0;15582;Hash;10;Inner;;0;5;5;0;1.0;2.4;2.4;4;0.0;0;15583;Hash Join;11;Outer;;0;5;25;1;0.2;1.07;2.4;4;0.0;0;0.01;0.01;0.238;0.238
Q8_59_seed_475833798;15600;Hash Join;7;Outer;;0;29497;147487;12500;1.599978303172483e-05;4743.09;38813.14;8;0.0;0;38.514;214.401;15601;Seq Scan;8;Outer;;26136;147487;0;0;0.0983246666666666;0.0;33394.06;12;1500000.0;0;0.0;0.0;0.0;0.0;15602;Hash;8;Inner;;0;12500;12500;0;1.0;4586.84;4586.84;4;0.0;0;15603;Hash Join;9;Outer;;0;12500;62500;5;0.04;2.46;4586.84;4;0.0;0;0.986;35.479;0.247;0.248
Q8_59_seed_475833798;15603;Hash Join;9;Outer;;0;12500;62500;5;0.04;2.46;4586.84;4;0.0;0;1.242;37.198;15604;Seq Scan;10;Outer;;3600;62500;0;0;0.4166666666666667;0.0;4225.0;8;150000.0;0;0.0;0.0;0.0;0.0;15605;Hash;10;Inner;;0;5;5;0;1.0;2.4;2.4;4;0.0;0;15606;Hash Join;11;Outer;;0;5;25;1;0.2;1.07;2.4;4;0.0;0;0.008;0.009;0.229;0.229
Q8_5_seed_32816124;15623;Hash Join;7;Outer;;0;29497;147487;12500;1.599978303172483e-05;4743.09;38813.14;8;0.0;0;39.263;216.569;15624;Seq Scan;8;Outer;;26136;147487;0;0;0.0983246666666666;0.0;33394.06;12;1500000.0;0;0.0;0.0;0.0;0.0;15625;Hash;8;Inner;;0;12500;12500;0;1.0;4586.84;4586.84;4;0.0;0;15626;Hash Join;9;Outer;;0;12500;62500;5;0.04;2.46;4586.84;4;0.0;0;0.019;36.116;0.233;0.233
Q8_5_seed_32816124;15626;Hash Join;9;Outer;;0;12500;62500;5;0.04;2.46;4586.84;4;0.0;0;0.261;37.706;15627;Seq Scan;10;Outer;;3600;62500;0;0;0.4166666666666667;0.0;4225.0;8;150000.0;0;0.0;0.0;0.0;0.0;15628;Hash;10;Inner;;0;5;5;0;1.0;2.4;2.4;4;0.0;0;15629;Hash Join;11;Outer;;0;5;25;1;0.2;1.07;2.4;4;0.0;0;0.01;0.01;0.212;0.212
Q8_60_seed_484037829;15646;Hash Join;7;Outer;;0;29497;147487;12500;1.599978303172483e-05;4743.09;38813.14;8;0.0;0;37.897;214.506;15647;Seq Scan;8;Outer;;26136;147487;0;0;0.0983246666666666;0.0;33394.06;12;1500000.0;0;0.0;0.0;0.0;0.0;15648;Hash;8;Inner;;0;12500;12500;0;1.0;4586.84;4586.84;4;0.0;0;15649;Hash Join;9;Outer;;0;12500;62500;5;0.04;2.46;4586.84;4;0.0;0;0.189;35.417;0.199;0.199
Q8_60_seed_484037829;15649;Hash Join;9;Outer;;0;12500;62500;5;0.04;2.46;4586.84;4;0.0;0;0.395;36.925;15650;Seq Scan;10;Outer;;3600;62500;0;0;0.4166666666666667;0.0;4225.0;8;150000.0;0;0.0;0.0;0.0;0.0;15651;Hash;10;Inner;;0;5;5;0;1.0;2.4;2.4;4;0.0;0;15652;Hash Join;11;Outer;;0;5;25;1;0.2;1.07;2.4;4;0.0;0;0.009;0.01;0.178;0.179
Q8_62_seed_500445891;15692;Hash Join;7;Outer;;0;29497;147487;12500;1.599978303172483e-05;4743.09;38813.14;8;0.0;0;40.805;223.248;15693;Seq Scan;8;Outer;;26136;147487;0;0;0.0983246666666666;0.0;33394.06;12;1500000.0;0;0.0;0.0;0.0;0.0;15694;Hash;8;Inner;;0;12500;12500;0;1.0;4586.84;4586.84;4;0.0;0;15695;Hash Join;9;Outer;;0;12500;62500;5;0.04;2.46;4586.84;4;0.0;0;0.019;38.149;0.226;0.227
Q8_62_seed_500445891;15695;Hash Join;9;Outer;;0;12500;62500;5;0.04;2.46;4586.84;4;0.0;0;0.255;39.723;15696;Seq Scan;10;Outer;;3600;62500;0;0;0.4166666666666667;0.0;4225.0;8;150000.0;0;0.0;0.0;0.0;0.0;15697;Hash;10;Inner;;0;5;5;0;1.0;2.4;2.4;4;0.0;0;15698;Hash Join;11;Outer;;0;5;25;1;0.2;1.07;2.4;4;0.0;0;0.009;0.01;0.207;0.207
Q8_63_seed_508649922;15715;Hash Join;7;Outer;;0;29497;147487;12500;1.599978303172483e-05;4743.09;38813.14;8;0.0;0;37.297;213.315;15716;Seq Scan;8;Outer;;26136;147487;0;0;0.0983246666666666;0.0;33394.06;12;1500000.0;0;0.0;0.0;0.0;0.0;15717;Hash;8;Inner;;0;12500;12500;0;1.0;4586.84;4586.84;4;0.0;0;15718;Hash Join;9;Outer;;0;12500;62500;5;0.04;2.46;4586.84;4;0.0;0;0.377;33.751;0.213;0.214
Q8_63_seed_508649922;15718;Hash Join;9;Outer;;0;12500;62500;5;0.04;2.46;4586.84;4;0.0;0;0.6;35.324;15719;Seq Scan;10;Outer;;3600;62500;0;0;0.4166666666666667;0.0;4225.0;8;150000.0;0;0.0;0.0;0.0;0.0;15720;Hash;10;Inner;;0;5;5;0;1.0;2.4;2.4;4;0.0;0;15721;Hash Join;11;Outer;;0;5;25;1;0.2;1.07;2.4;4;0.0;0;0.046;0.046;0.155;0.156
Q8_64_seed_516853953;15738;Hash Join;7;Outer;;0;29497;147487;12500;1.599978303172483e-05;4743.09;38813.14;8;0.0;0;39.315;216.879;15739;Seq Scan;8;Outer;;26136;147487;0;0;0.0983246666666666;0.0;33394.06;12;1500000.0;0;0.0;0.0;0.0;0.0;15740;Hash;8;Inner;;0;12500;12500;0;1.0;4586.84;4586.84;4;0.0;0;15741;Hash Join;9;Outer;;0;12500;62500;5;0.04;2.46;4586.84;4;0.0;0;0.333;32.94;0.142;0.143
Q8_64_seed_516853953;15741;Hash Join;9;Outer;;0;12500;62500;5;0.04;2.46;4586.84;4;0.0;0;0.484;34.384;15742;Seq Scan;10;Outer;;3600;62500;0;0;0.4166666666666667;0.0;4225.0;8;150000.0;0;0.0;0.0;0.0;0.0;15743;Hash;10;Inner;;0;5;5;0;1.0;2.4;2.4;4;0.0;0;15744;Hash Join;11;Outer;;0;5;25;1;0.2;1.07;2.4;4;0.0;0;0.008;0.008;0.125;0.125
Q8_65_seed_525057984;15761;Hash Join;7;Outer;;0;29497;147487;12500;1.599978303172483e-05;4743.09;38813.14;8;0.0;0;38.495;215.266;15762;Seq Scan;8;Outer;;26136;147487;0;0;0.0983246666666666;0.0;33394.06;12;1500000.0;0;0.0;0.0;0.0;0.0;15763;Hash;8;Inner;;0;12500;12500;0;1.0;4586.84;4586.84;4;0.0;0;15764;Hash Join;9;Outer;;0;12500;62500;5;0.04;2.46;4586.84;4;0.0;0;0.019;35.915;0.247;0.248
Q8_65_seed_525057984;15764;Hash Join;9;Outer;;0;12500;62500;5;0.04;2.46;4586.84;4;0.0;0;0.274;37.528;15765;Seq Scan;10;Outer;;3600;62500;0;0;0.4166666666666667;0.0;4225.0;8;150000.0;0;0.0;0.0;0.0;0.0;15766;Hash;10;Inner;;0;5;5;0;1.0;2.4;2.4;4;0.0;0;15767;Hash Join;11;Outer;;0;5;25;1;0.2;1.07;2.4;4;0.0;0;0.009;0.01;0.224;0.225
Q8_66_seed_533262015;15784;Hash Join;7;Outer;;0;29497;147487;12500;1.599978303172483e-05;4743.09;38813.14;8;0.0;0;34.996;212.533;15785;Seq Scan;8;Outer;;26136;147487;0;0;0.0983246666666666;0.0;33394.06;12;1500000.0;0;0.0;0.0;0.0;0.0;15786;Hash;8;Inner;;0;12500;12500;0;1.0;4586.84;4586.84;4;0.0;0;15787;Hash Join;9;Outer;;0;12500;62500;5;0.04;2.46;4586.84;4;0.0;0;0.146;31.095;0.104;0.104
Q8_66_seed_533262015;15787;Hash Join;9;Outer;;0;12500;62500;5;0.04;2.46;4586.84;4;0.0;0;0.259;32.559;15788;Seq Scan;10;Outer;;3600;62500;0;0;0.4166666666666667;0.0;4225.0;8;150000.0;0;0.0;0.0;0.0;0.0;15789;Hash;10;Inner;;0;5;5;0;1.0;2.4;2.4;4;0.0;0;15790;Hash Join;11;Outer;;0;5;25;1;0.2;1.07;2.4;4;0.0;0;0.012;0.012;0.082;0.082
Q8_68_seed_549670077;15830;Hash Join;7;Outer;;0;29497;147487;12500;1.599978303172483e-05;4743.09;38813.14;8;0.0;0;36.896;214.056;15831;Seq Scan;8;Outer;;26136;147487;0;0;0.0983246666666666;0.0;33394.06;12;1500000.0;0;0.0;0.0;0.0;0.0;15832;Hash;8;Inner;;0;12500;12500;0;1.0;4586.84;4586.84;4;0.0;0;15833;Hash Join;9;Outer;;0;12500;62500;5;0.04;2.46;4586.84;4;0.0;0;0.078;34.362;0.218;0.218
Q8_68_seed_549670077;15833;Hash Join;9;Outer;;0;12500;62500;5;0.04;2.46;4586.84;4;0.0;0;0.303;35.889;15834;Seq Scan;10;Outer;;3600;62500;0;0;0.4166666666666667;0.0;4225.0;8;150000.0;0;0.0;0.0;0.0;0.0;15835;Hash;10;Inner;;0;5;5;0;1.0;2.4;2.4;4;0.0;0;15836;Hash Join;11;Outer;;0;5;25;1;0.2;1.07;2.4;4;0.0;0;0.009;0.009;0.199;0.2
Q8_69_seed_557874108;15853;Hash Join;7;Outer;;0;29497;147487;12500;1.599978303172483e-05;4743.09;38813.14;8;0.0;0;32.99;204.567;15854;Seq Scan;8;Outer;;26136;147487;0;0;0.0983246666666666;0.0;33394.06;12;1500000.0;0;0.0;0.0;0.0;0.0;15855;Hash;8;Inner;;0;12500;12500;0;1.0;4586.84;4586.84;4;0.0;0;15856;Hash Join;9;Outer;;0;12500;62500;5;0.04;2.46;4586.84;4;0.0;0;0.626;30.265;0.079;0.079
Q8_69_seed_557874108;15856;Hash Join;9;Outer;;0;12500;62500;5;0.04;2.46;4586.84;4;0.0;0;0.714;31.689;15857;Seq Scan;10;Outer;;3600;62500;0;0;0.4166666666666667;0.0;4225.0;8;150000.0;0;0.0;0.0;0.0;0.0;15858;Hash;10;Inner;;0;5;5;0;1.0;2.4;2.4;4;0.0;0;15859;Hash Join;11;Outer;;0;5;25;1;0.2;1.07;2.4;4;0.0;0;0.008;0.009;0.059;0.059
Q8_6_seed_41020155;15876;Hash Join;7;Outer;;0;29497;147487;12500;1.599978303172483e-05;4743.09;38813.14;8;0.0;0;37.645;214.492;15877;Seq Scan;8;Outer;;26136;147487;0;0;0.0983246666666666;0.0;33394.06;12;1500000.0;0;0.0;0.0;0.0;0.0;15878;Hash;8;Inner;;0;12500;12500;0;1.0;4586.84;4586.84;4;0.0;0;15879;Hash Join;9;Outer;;0;12500;62500;5;0.04;2.46;4586.84;4;0.0;0;0.18;34.001;0.164;0.164
Q8_6_seed_41020155;15879;Hash Join;9;Outer;;0;12500;62500;5;0.04;2.46;4586.84;4;0.0;0;0.351;35.494;15880;Seq Scan;10;Outer;;3600;62500;0;0;0.4166666666666667;0.0;4225.0;8;150000.0;0;0.0;0.0;0.0;0.0;15881;Hash;10;Inner;;0;5;5;0;1.0;2.4;2.4;4;0.0;0;15882;Hash Join;11;Outer;;0;5;25;1;0.2;1.07;2.4;4;0.0;0;0.009;0.01;0.143;0.144
Q8_70_seed_566078139;15899;Hash Join;7;Outer;;0;29497;147487;12500;1.599978303172483e-05;4743.09;38813.14;8;0.0;0;35.151;213.333;15900;Seq Scan;8;Outer;;26136;147487;0;0;0.0983246666666666;0.0;33394.06;12;1500000.0;0;0.0;0.0;0.0;0.0;15901;Hash;8;Inner;;0;12500;12500;0;1.0;4586.84;4586.84;4;0.0;0;15902;Hash Join;9;Outer;;0;12500;62500;5;0.04;2.46;4586.84;4;0.0;0;0.198;32.333;0.327;0.328
Q8_70_seed_566078139;15902;Hash Join;9;Outer;;0;12500;62500;5;0.04;2.46;4586.84;4;0.0;0;0.539;33.996;15903;Seq Scan;10;Outer;;3600;62500;0;0;0.4166666666666667;0.0;4225.0;8;150000.0;0;0.0;0.0;0.0;0.0;15904;Hash;10;Inner;;0;5;5;0;1.0;2.4;2.4;4;0.0;0;15905;Hash Join;11;Outer;;0;5;25;1;0.2;1.07;2.4;4;0.0;0;0.014;0.015;0.297;0.297
Q8_71_seed_574282170;15922;Hash Join;7;Outer;;0;29497;147487;12500;1.599978303172483e-05;4743.09;38813.14;8;0.0;0;36.922;214.272;15923;Seq Scan;8;Outer;;26136;147487;0;0;0.0983246666666666;0.0;33394.06;12;1500000.0;0;0.0;0.0;0.0;0.0;15924;Hash;8;Inner;;0;12500;12500;0;1.0;4586.84;4586.84;4;0.0;0;15925;Hash Join;9;Outer;;0;12500;62500;5;0.04;2.46;4586.84;4;0.0;0;0.02;34.303;0.289;0.289
Q8_71_seed_574282170;15925;Hash Join;9;Outer;;0;12500;62500;5;0.04;2.46;4586.84;4;0.0;0;0.315;35.937;15926;Seq Scan;10;Outer;;3600;62500;0;0;0.4166666666666667;0.0;4225.0;8;150000.0;0;0.0;0.0;0.0;0.0;15927;Hash;10;Inner;;0;5;5;0;1.0;2.4;2.4;4;0.0;0;15928;Hash Join;11;Outer;;0;5;25;1;0.2;1.07;2.4;4;0.0;0;0.008;0.009;0.271;0.271
Q8_72_seed_582486201;15945;Hash Join;7;Outer;;0;29497;147487;12500;1.599978303172483e-05;4743.09;38813.14;8;0.0;0;35.102;209.949;15946;Seq Scan;8;Outer;;26136;147487;0;0;0.0983246666666666;0.0;33394.06;12;1500000.0;0;0.0;0.0;0.0;0.0;15947;Hash;8;Inner;;0;12500;12500;0;1.0;4586.84;4586.84;4;0.0;0;15948;Hash Join;9;Outer;;0;12500;62500;5;0.04;2.46;4586.84;4;0.0;0;0.16;30.93;0.087;0.088
Q8_72_seed_582486201;15948;Hash Join;9;Outer;;0;12500;62500;5;0.04;2.46;4586.84;4;0.0;0;0.255;32.32;15949;Seq Scan;10;Outer;;3600;62500;0;0;0.4166666666666667;0.0;4225.0;8;150000.0;0;0.0;0.0;0.0;0.0;15950;Hash;10;Inner;;0;5;5;0;1.0;2.4;2.4;4;0.0;0;15951;Hash Join;11;Outer;;0;5;25;1;0.2;1.07;2.4;4;0.0;0;0.008;0.009;0.07;0.07
Q8_73_seed_590690232;15968;Hash Join;7;Outer;;0;29497;147487;12500;1.599978303172483e-05;4743.09;38813.14;8;0.0;0;36.086;215.809;15969;Seq Scan;8;Outer;;26136;147487;0;0;0.0983246666666666;0.0;33394.06;12;1500000.0;0;0.0;0.0;0.0;0.0;15970;Hash;8;Inner;;0;12500;12500;0;1.0;4586.84;4586.84;4;0.0;0;15971;Hash Join;9;Outer;;0;12500;62500;5;0.04;2.46;4586.84;4;0.0;0;0.072;33.633;0.163;0.164
Q8_73_seed_590690232;15971;Hash Join;9;Outer;;0;12500;62500;5;0.04;2.46;4586.84;4;0.0;0;0.24;35.06;15972;Seq Scan;10;Outer;;3600;62500;0;0;0.4166666666666667;0.0;4225.0;8;150000.0;0;0.0;0.0;0.0;0.0;15973;Hash;10;Inner;;0;5;5;0;1.0;2.4;2.4;4;0.0;0;15974;Hash Join;11;Outer;;0;5;25;1;0.2;1.07;2.4;4;0.0;0;0.008;0.009;0.145;0.145
Q8_74_seed_598894263;15991;Hash Join;7;Outer;;0;29497;147487;12500;1.599978303172483e-05;4743.09;38813.14;8;0.0;0;36.047;221.02;15992;Seq Scan;8;Outer;;26136;147487;0;0;0.0983246666666666;0.0;33394.06;12;1500000.0;0;0.0;0.0;0.0;0.0;15993;Hash;8;Inner;;0;12500;12500;0;1.0;4586.84;4586.84;4;0.0;0;15994;Hash Join;9;Outer;;0;12500;62500;5;0.04;2.46;4586.84;4;0.0;0;0.173;32.958;0.156;0.157
Q8_74_seed_598894263;15994;Hash Join;9;Outer;;0;12500;62500;5;0.04;2.46;4586.84;4;0.0;0;0.336;34.389;15995;Seq Scan;10;Outer;;3600;62500;0;0;0.4166666666666667;0.0;4225.0;8;150000.0;0;0.0;0.0;0.0;0.0;15996;Hash;10;Inner;;0;5;5;0;1.0;2.4;2.4;4;0.0;0;15997;Hash Join;11;Outer;;0;5;25;1;0.2;1.07;2.4;4;0.0;0;0.007;0.008;0.14;0.14
Q8_75_seed_607098294;16014;Hash Join;7;Outer;;0;29497;147487;12500;1.599978303172483e-05;4743.09;38813.14;8;0.0;0;32.036;205.912;16015;Seq Scan;8;Outer;;26136;147487;0;0;0.0983246666666666;0.0;33394.06;12;1500000.0;0;0.0;0.0;0.0;0.0;16016;Hash;8;Inner;;0;12500;12500;0;1.0;4586.84;4586.84;4;0.0;0;16017;Hash Join;9;Outer;;0;12500;62500;5;0.04;2.46;4586.84;4;0.0;0;0.164;29.438;0.166;0.167
Q8_75_seed_607098294;16017;Hash Join;9;Outer;;0;12500;62500;5;0.04;2.46;4586.84;4;0.0;0;0.336;31.118;16018;Seq Scan;10;Outer;;3600;62500;0;0;0.4166666666666667;0.0;4225.0;8;150000.0;0;0.0;0.0;0.0;0.0;16019;Hash;10;Inner;;0;5;5;0;1.0;2.4;2.4;4;0.0;0;16020;Hash Join;11;Outer;;0;5;25;1;0.2;1.07;2.4;4;0.0;0;0.008;0.008;0.15;0.15
Q8_76_seed_615302325;16037;Hash Join;7;Outer;;0;29497;147487;12500;1.599978303172483e-05;4743.09;38813.14;8;0.0;0;39.312;218.567;16038;Seq Scan;8;Outer;;26136;147487;0;0;0.0983246666666666;0.0;33394.06;12;1500000.0;0;0.0;0.0;0.0;0.0;16039;Hash;8;Inner;;0;12500;12500;0;1.0;4586.84;4586.84;4;0.0;0;16040;Hash Join;9;Outer;;0;12500;62500;5;0.04;2.46;4586.84;4;0.0;0;1.329;35.948;0.135;0.136
Q8_76_seed_615302325;16040;Hash Join;9;Outer;;0;12500;62500;5;0.04;2.46;4586.84;4;0.0;0;1.475;37.44;16041;Seq Scan;10;Outer;;3600;62500;0;0;0.4166666666666667;0.0;4225.0;8;150000.0;0;0.0;0.0;0.0;0.0;16042;Hash;10;Inner;;0;5;5;0;1.0;2.4;2.4;4;0.0;0;16043;Hash Join;11;Outer;;0;5;25;1;0.2;1.07;2.4;4;0.0;0;0.011;0.012;0.112;0.112
Q8_77_seed_623506356;16060;Hash Join;7;Outer;;0;29497;147487;12500;1.599978303172483e-05;4743.09;38813.14;8;0.0;0;37.233;216.198;16061;Seq Scan;8;Outer;;26136;147487;0;0;0.0983246666666666;0.0;33394.06;12;1500000.0;0;0.0;0.0;0.0;0.0;16062;Hash;8;Inner;;0;12500;12500;0;1.0;4586.84;4586.84;4;0.0;0;16063;Hash Join;9;Outer;;0;12500;62500;5;0.04;2.46;4586.84;4;0.0;0;0.016;34.993;0.074;0.075
Q8_77_seed_623506356;16063;Hash Join;9;Outer;;0;12500;62500;5;0.04;2.46;4586.84;4;0.0;0;0.099;36.404;16064;Seq Scan;10;Outer;;3600;62500;0;0;0.4166666666666667;0.0;4225.0;8;150000.0;0;0.0;0.0;0.0;0.0;16065;Hash;10;Inner;;0;5;5;0;1.0;2.4;2.4;4;0.0;0;16066;Hash Join;11;Outer;;0;5;25;1;0.2;1.07;2.4;4;0.0;0;0.009;0.009;0.055;0.055
Q8_78_seed_631710387;16083;Hash Join;7;Outer;;0;29497;147487;12500;1.599978303172483e-05;4743.09;38813.14;8;0.0;0;35.877;212.192;16084;Seq Scan;8;Outer;;26136;147487;0;0;0.0983246666666666;0.0;33394.06;12;1500000.0;0;0.0;0.0;0.0;0.0;16085;Hash;8;Inner;;0;12500;12500;0;1.0;4586.84;4586.84;4;0.0;0;16086;Hash Join;9;Outer;;0;12500;62500;5;0.04;2.46;4586.84;4;0.0;0;0.169;33.363;0.166;0.167
Q8_78_seed_631710387;16086;Hash Join;9;Outer;;0;12500;62500;5;0.04;2.46;4586.84;4;0.0;0;0.345;34.829;16087;Seq Scan;10;Outer;;3600;62500;0;0;0.4166666666666667;0.0;4225.0;8;150000.0;0;0.0;0.0;0.0;0.0;16088;Hash;10;Inner;;0;5;5;0;1.0;2.4;2.4;4;0.0;0;16089;Hash Join;11;Outer;;0;5;25;1;0.2;1.07;2.4;4;0.0;0;0.009;0.01;0.146;0.146
Q8_79_seed_639914418;16106;Hash Join;7;Outer;;0;29497;147487;12500;1.599978303172483e-05;4743.09;38813.14;8;0.0;0;33.797;207.091;16107;Seq Scan;8;Outer;;26136;147487;0;0;0.0983246666666666;0.0;33394.06;12;1500000.0;0;0.0;0.0;0.0;0.0;16108;Hash;8;Inner;;0;12500;12500;0;1.0;4586.84;4586.84;4;0.0;0;16109;Hash Join;9;Outer;;0;12500;62500;5;0.04;2.46;4586.84;4;0.0;0;0.272;31.365;0.227;0.228
Q8_79_seed_639914418;16109;Hash Join;9;Outer;;0;12500;62500;5;0.04;2.46;4586.84;4;0.0;0;0.539;32.917;16110;Seq Scan;10;Outer;;3600;62500;0;0;0.4166666666666667;0.0;4225.0;8;150000.0;0;0.0;0.0;0.0;0.0;16111;Hash;10;Inner;;0;5;5;0;1.0;2.4;2.4;4;0.0;0;16112;Hash Join;11;Outer;;0;5;25;1;0.2;1.07;2.4;4;0.0;0;0.062;0.063;0.13;0.131
Q8_7_seed_49224186;16129;Hash Join;7;Outer;;0;29497;147487;12500;1.599978303172483e-05;4743.09;38813.14;8;0.0;0;33.197;206.486;16130;Seq Scan;8;Outer;;26136;147487;0;0;0.0983246666666666;0.0;33394.06;12;1500000.0;0;0.0;0.0;0.0;0.0;16131;Hash;8;Inner;;0;12500;12500;0;1.0;4586.84;4586.84;4;0.0;0;16132;Hash Join;9;Outer;;0;12500;62500;5;0.04;2.46;4586.84;4;0.0;0;0.188;30.834;0.206;0.206
Q8_7_seed_49224186;16132;Hash Join;9;Outer;;0;12500;62500;5;0.04;2.46;4586.84;4;0.0;0;0.401;32.31;16133;Seq Scan;10;Outer;;3600;62500;0;0;0.4166666666666667;0.0;4225.0;8;150000.0;0;0.0;0.0;0.0;0.0;16134;Hash;10;Inner;;0;5;5;0;1.0;2.4;2.4;4;0.0;0;16135;Hash Join;11;Outer;;0;5;25;1;0.2;1.07;2.4;4;0.0;0;0.009;0.01;0.186;0.186
Q8_80_seed_648118449;16152;Hash Join;7;Outer;;0;29497;147487;12500;1.599978303172483e-05;4743.09;38813.14;8;0.0;0;34.293;208.369;16153;Seq Scan;8;Outer;;26136;147487;0;0;0.0983246666666666;0.0;33394.06;12;1500000.0;0;0.0;0.0;0.0;0.0;16154;Hash;8;Inner;;0;12500;12500;0;1.0;4586.84;4586.84;4;0.0;0;16155;Hash Join;9;Outer;;0;12500;62500;5;0.04;2.46;4586.84;4;0.0;0;0.072;30.901;0.238;0.239
Q8_80_seed_648118449;16155;Hash Join;9;Outer;;0;12500;62500;5;0.04;2.46;4586.84;4;0.0;0;0.319;32.456;16156;Seq Scan;10;Outer;;3600;62500;0;0;0.4166666666666667;0.0;4225.0;8;150000.0;0;0.0;0.0;0.0;0.0;16157;Hash;10;Inner;;0;5;5;0;1.0;2.4;2.4;4;0.0;0;16158;Hash Join;11;Outer;;0;5;25;1;0.2;1.07;2.4;4;0.0;0;0.01;0.011;0.217;0.217
Q8_81_seed_656322480;16175;Hash Join;7;Outer;;0;29497;147487;12500;1.599978303172483e-05;4743.09;38813.14;8;0.0;0;36.853;212.491;16176;Seq Scan;8;Outer;;26136;147487;0;0;0.0983246666666666;0.0;33394.06;12;1500000.0;0;0.0;0.0;0.0;0.0;16177;Hash;8;Inner;;0;12500;12500;0;1.0;4586.84;4586.84;4;0.0;0;16178;Hash Join;9;Outer;;0;12500;62500;5;0.04;2.46;4586.84;4;0.0;0;0.07;34.339;0.225;0.226
Q8_81_seed_656322480;16178;Hash Join;9;Outer;;0;12500;62500;5;0.04;2.46;4586.84;4;0.0;0;0.302;35.872;16179;Seq Scan;10;Outer;;3600;62500;0;0;0.4166666666666667;0.0;4225.0;8;150000.0;0;0.0;0.0;0.0;0.0;16180;Hash;10;Inner;;0;5;5;0;1.0;2.4;2.4;4;0.0;0;16181;Hash Join;11;Outer;;0;5;25;1;0.2;1.07;2.4;4;0.0;0;0.01;0.011;0.205;0.206
Q8_82_seed_664526511;16198;Hash Join;7;Outer;;0;29497;147487;12500;1.599978303172483e-05;4743.09;38813.14;8;0.0;0;38.506;213.716;16199;Seq Scan;8;Outer;;26136;147487;0;0;0.0983246666666666;0.0;33394.06;12;1500000.0;0;0.0;0.0;0.0;0.0;16200;Hash;8;Inner;;0;12500;12500;0;1.0;4586.84;4586.84;4;0.0;0;16201;Hash Join;9;Outer;;0;12500;62500;5;0.04;2.46;4586.84;4;0.0;0;0.013;35.132;0.085;0.085
Q8_82_seed_664526511;16201;Hash Join;9;Outer;;0;12500;62500;5;0.04;2.46;4586.84;4;0.0;0;0.104;36.54;16202;Seq Scan;10;Outer;;3600;62500;0;0;0.4166666666666667;0.0;4225.0;8;150000.0;0;0.0;0.0;0.0;0.0;16203;Hash;10;Inner;;0;5;5;0;1.0;2.4;2.4;4;0.0;0;16204;Hash Join;11;Outer;;0;5;25;1;0.2;1.07;2.4;4;0.0;0;0.011;0.012;0.062;0.062
Q8_83_seed_672730542;16221;Hash Join;7;Outer;;0;29497;147487;12500;1.599978303172483e-05;4743.09;38813.14;8;0.0;0;39.32;218.699;16222;Seq Scan;8;Outer;;26136;147487;0;0;0.0983246666666666;0.0;33394.06;12;1500000.0;0;0.0;0.0;0.0;0.0;16223;Hash;8;Inner;;0;12500;12500;0;1.0;4586.84;4586.84;4;0.0;0;16224;Hash Join;9;Outer;;0;12500;62500;5;0.04;2.46;4586.84;4;0.0;0;0.234;36.722;0.226;0.227
Q8_83_seed_672730542;16224;Hash Join;9;Outer;;0;12500;62500;5;0.04;2.46;4586.84;4;0.0;0;0.473;38.352;16225;Seq Scan;10;Outer;;3600;62500;0;0;0.4166666666666667;0.0;4225.0;8;150000.0;0;0.0;0.0;0.0;0.0;16226;Hash;10;Inner;;0;5;5;0;1.0;2.4;2.4;4;0.0;0;16227;Hash Join;11;Outer;;0;5;25;1;0.2;1.07;2.4;4;0.0;0;0.009;0.01;0.205;0.205
Q8_84_seed_680934573;16244;Hash Join;7;Outer;;0;29497;147487;12500;1.599978303172483e-05;4743.09;38813.14;8;0.0;0;32.479;207.507;16245;Seq Scan;8;Outer;;26136;147487;0;0;0.0983246666666666;0.0;33394.06;12;1500000.0;0;0.0;0.0;0.0;0.0;16246;Hash;8;Inner;;0;12500;12500;0;1.0;4586.84;4586.84;4;0.0;0;16247;Hash Join;9;Outer;;0;12500;62500;5;0.04;2.46;4586.84;4;0.0;0;0.367;29.991;0.185;0.186
Q8_84_seed_680934573;16247;Hash Join;9;Outer;;0;12500;62500;5;0.04;2.46;4586.84;4;0.0;0;0.564;31.481;16248;Seq Scan;10;Outer;;3600;62500;0;0;0.4166666666666667;0.0;4225.0;8;150000.0;0;0.0;0.0;0.0;0.0;16249;Hash;10;Inner;;0;5;5;0;1.0;2.4;2.4;4;0.0;0;16250;Hash Join;11;Outer;;0;5;25;1;0.2;1.07;2.4;4;0.0;0;0.018;0.018;0.155;0.155
Q8_87_seed_705546666;16313;Hash Join;7;Outer;;0;29497;147487;12500;1.599978303172483e-05;4743.09;38813.14;8;0.0;0;36.622;212.232;16314;Seq Scan;8;Outer;;26136;147487;0;0;0.0983246666666666;0.0;33394.06;12;1500000.0;0;0.0;0.0;0.0;0.0;16315;Hash;8;Inner;;0;12500;12500;0;1.0;4586.84;4586.84;4;0.0;0;16316;Hash Join;9;Outer;;0;12500;62500;5;0.04;2.46;4586.84;4;0.0;0;0.366;33.172;0.276;0.277
Q8_87_seed_705546666;16316;Hash Join;9;Outer;;0;12500;62500;5;0.04;2.46;4586.84;4;0.0;0;0.653;34.833;16317;Seq Scan;10;Outer;;3600;62500;0;0;0.4166666666666667;0.0;4225.0;8;150000.0;0;0.0;0.0;0.0;0.0;16318;Hash;10;Inner;;0;5;5;0;1.0;2.4;2.4;4;0.0;0;16319;Hash Join;11;Outer;;0;5;25;1;0.2;1.07;2.4;4;0.0;0;0.012;0.013;0.252;0.252
Q8_8_seed_57428217;16382;Hash Join;7;Outer;;0;29497;147487;12500;1.599978303172483e-05;4743.09;38813.14;8;0.0;0;38.561;213.596;16383;Seq Scan;8;Outer;;26136;147487;0;0;0.0983246666666666;0.0;33394.06;12;1500000.0;0;0.0;0.0;0.0;0.0;16384;Hash;8;Inner;;0;12500;12500;0;1.0;4586.84;4586.84;4;0.0;0;16385;Hash Join;9;Outer;;0;12500;62500;5;0.04;2.46;4586.84;4;0.0;0;0.023;35.087;0.232;0.232
Q8_8_seed_57428217;16385;Hash Join;9;Outer;;0;12500;62500;5;0.04;2.46;4586.84;4;0.0;0;0.261;36.604;16386;Seq Scan;10;Outer;;3600;62500;0;0;0.4166666666666667;0.0;4225.0;8;150000.0;0;0.0;0.0;0.0;0.0;16387;Hash;10;Inner;;0;5;5;0;1.0;2.4;2.4;4;0.0;0;16388;Hash Join;11;Outer;;0;5;25;1;0.2;1.07;2.4;4;0.0;0;0.009;0.01;0.211;0.211
Q8_90_seed_730158759;16405;Hash Join;7;Outer;;0;29497;147487;12500;1.599978303172483e-05;4743.09;38813.14;8;0.0;0;33.287;209.127;16406;Seq Scan;8;Outer;;26136;147487;0;0;0.0983246666666666;0.0;33394.06;12;1500000.0;0;0.0;0.0;0.0;0.0;16407;Hash;8;Inner;;0;12500;12500;0;1.0;4586.84;4586.84;4;0.0;0;16408;Hash Join;9;Outer;;0;12500;62500;5;0.04;2.46;4586.84;4;0.0;0;0.071;30.846;0.239;0.24
Q8_90_seed_730158759;16408;Hash Join;9;Outer;;0;12500;62500;5;0.04;2.46;4586.84;4;0.0;0;0.321;32.409;16409;Seq Scan;10;Outer;;3600;62500;0;0;0.4166666666666667;0.0;4225.0;8;150000.0;0;0.0;0.0;0.0;0.0;16410;Hash;10;Inner;;0;5;5;0;1.0;2.4;2.4;4;0.0;0;16411;Hash Join;11;Outer;;0;5;25;1;0.2;1.07;2.4;4;0.0;0;0.013;0.014;0.213;0.213
Q8_91_seed_738362790;16428;Hash Join;7;Outer;;0;29497;147487;12500;1.599978303172483e-05;4743.09;38813.14;8;0.0;0;37.647;218.047;16429;Seq Scan;8;Outer;;26136;147487;0;0;0.0983246666666666;0.0;33394.06;12;1500000.0;0;0.0;0.0;0.0;0.0;16430;Hash;8;Inner;;0;12500;12500;0;1.0;4586.84;4586.84;4;0.0;0;16431;Hash Join;9;Outer;;0;12500;62500;5;0.04;2.46;4586.84;4;0.0;0;0.195;35.212;0.246;0.247
Q8_91_seed_738362790;16431;Hash Join;9;Outer;;0;12500;62500;5;0.04;2.46;4586.84;4;0.0;0;0.455;36.733;16432;Seq Scan;10;Outer;;3600;62500;0;0;0.4166666666666667;0.0;4225.0;8;150000.0;0;0.0;0.0;0.0;0.0;16433;Hash;10;Inner;;0;5;5;0;1.0;2.4;2.4;4;0.0;0;16434;Hash Join;11;Outer;;0;5;25;1;0.2;1.07;2.4;4;0.0;0;0.009;0.009;0.226;0.226
Q8_92_seed_746566821;16451;Hash Join;7;Outer;;0;29497;147487;12500;1.599978303172483e-05;4743.09;38813.14;8;0.0;0;37.216;210.788;16452;Seq Scan;8;Outer;;26136;147487;0;0;0.0983246666666666;0.0;33394.06;12;1500000.0;0;0.0;0.0;0.0;0.0;16453;Hash;8;Inner;;0;12500;12500;0;1.0;4586.84;4586.84;4;0.0;0;16454;Hash Join;9;Outer;;0;12500;62500;5;0.04;2.46;4586.84;4;0.0;0;0.085;33.729;0.196;0.196
Q8_92_seed_746566821;16454;Hash Join;9;Outer;;0;12500;62500;5;0.04;2.46;4586.84;4;0.0;0;0.293;35.205;16455;Seq Scan;10;Outer;;3600;62500;0;0;0.4166666666666667;0.0;4225.0;8;150000.0;0;0.0;0.0;0.0;0.0;16456;Hash;10;Inner;;0;5;5;0;1.0;2.4;2.4;4;0.0;0;16457;Hash Join;11;Outer;;0;5;25;1;0.2;1.07;2.4;4;0.0;0;0.011;0.012;0.172;0.172
Q8_93_seed_754770852;16474;Hash Join;7;Outer;;0;29497;147487;12500;1.599978303172483e-05;4743.09;38813.14;8;0.0;0;33.23;209.643;16475;Seq Scan;8;Outer;;26136;147487;0;0;0.0983246666666666;0.0;33394.06;12;1500000.0;0;0.0;0.0;0.0;0.0;16476;Hash;8;Inner;;0;12500;12500;0;1.0;4586.84;4586.84;4;0.0;0;16477;Hash Join;9;Outer;;0;12500;62500;5;0.04;2.46;4586.84;4;0.0;0;0.024;29.782;0.224;0.225
Q8_93_seed_754770852;16477;Hash Join;9;Outer;;0;12500;62500;5;0.04;2.46;4586.84;4;0.0;0;0.256;31.336;16478;Seq Scan;10;Outer;;3600;62500;0;0;0.4166666666666667;0.0;4225.0;8;150000.0;0;0.0;0.0;0.0;0.0;16479;Hash;10;Inner;;0;5;5;0;1.0;2.4;2.4;4;0.0;0;16480;Hash Join;11;Outer;;0;5;25;1;0.2;1.07;2.4;4;0.0;0;0.01;0.011;0.203;0.204
Q8_94_seed_762974883;16497;Hash Join;7;Outer;;0;29497;147487;12500;1.599978303172483e-05;4743.09;38813.14;8;0.0;0;36.243;214.61;16498;Seq Scan;8;Outer;;26136;147487;0;0;0.0983246666666666;0.0;33394.06;12;1500000.0;0;0.0;0.0;0.0;0.0;16499;Hash;8;Inner;;0;12500;12500;0;1.0;4586.84;4586.84;4;0.0;0;16500;Hash Join;9;Outer;;0;12500;62500;5;0.04;2.46;4586.84;4;0.0;0;0.169;32.631;0.084;0.085
Q8_94_seed_762974883;16500;Hash Join;9;Outer;;0;12500;62500;5;0.04;2.46;4586.84;4;0.0;0;0.264;34.038;16501;Seq Scan;10;Outer;;3600;62500;0;0;0.4166666666666667;0.0;4225.0;8;150000.0;0;0.0;0.0;0.0;0.0;16502;Hash;10;Inner;;0;5;5;0;1.0;2.4;2.4;4;0.0;0;16503;Hash Join;11;Outer;;0;5;25;1;0.2;1.07;2.4;4;0.0;0;0.012;0.013;0.06;0.061
Q8_95_seed_771178914;16520;Hash Join;7;Outer;;0;29497;147487;12500;1.599978303172483e-05;4743.09;38813.14;8;0.0;0;37.337;216.663;16521;Seq Scan;8;Outer;;26136;147487;0;0;0.0983246666666666;0.0;33394.06;12;1500000.0;0;0.0;0.0;0.0;0.0;16522;Hash;8;Inner;;0;12500;12500;0;1.0;4586.84;4586.84;4;0.0;0;16523;Hash Join;9;Outer;;0;12500;62500;5;0.04;2.46;4586.84;4;0.0;0;0.122;34.979;0.217;0.218
Q8_95_seed_771178914;16523;Hash Join;9;Outer;;0;12500;62500;5;0.04;2.46;4586.84;4;0.0;0;0.348;36.553;16524;Seq Scan;10;Outer;;3600;62500;0;0;0.4166666666666667;0.0;4225.0;8;150000.0;0;0.0;0.0;0.0;0.0;16525;Hash;10;Inner;;0;5;5;0;1.0;2.4;2.4;4;0.0;0;16526;Hash Join;11;Outer;;0;5;25;1;0.2;1.07;2.4;4;0.0;0;0.007;0.008;0.201;0.201
Q8_96_seed_779382945;16543;Hash Join;7;Outer;;0;29497;147487;12500;1.599978303172483e-05;4743.09;38813.14;8;0.0;0;35.785;212.819;16544;Seq Scan;8;Outer;;26136;147487;0;0;0.0983246666666666;0.0;33394.06;12;1500000.0;0;0.0;0.0;0.0;0.0;16545;Hash;8;Inner;;0;12500;12500;0;1.0;4586.84;4586.84;4;0.0;0;16546;Hash Join;9;Outer;;0;12500;62500;5;0.04;2.46;4586.84;4;0.0;0;0.127;33.304;0.1;0.101
Q8_96_seed_779382945;16546;Hash Join;9;Outer;;0;12500;62500;5;0.04;2.46;4586.84;4;0.0;0;0.233;34.752;16547;Seq Scan;10;Outer;;3600;62500;0;0;0.4166666666666667;0.0;4225.0;8;150000.0;0;0.0;0.0;0.0;0.0;16548;Hash;10;Inner;;0;5;5;0;1.0;2.4;2.4;4;0.0;0;16549;Hash Join;11;Outer;;0;5;25;1;0.2;1.07;2.4;4;0.0;0;0.009;0.009;0.081;0.081
Q8_97_seed_787586976;16566;Hash Join;7;Outer;;0;29497;147487;12500;1.599978303172483e-05;4743.09;38813.14;8;0.0;0;42.088;216.152;16567;Seq Scan;8;Outer;;26136;147487;0;0;0.0983246666666666;0.0;33394.06;12;1500000.0;0;0.0;0.0;0.0;0.0;16568;Hash;8;Inner;;0;12500;12500;0;1.0;4586.84;4586.84;4;0.0;0;16569;Hash Join;9;Outer;;0;12500;62500;5;0.04;2.46;4586.84;4;0.0;0;0.082;39.276;0.37;0.37
Q8_97_seed_787586976;16569;Hash Join;9;Outer;;0;12500;62500;5;0.04;2.46;4586.84;4;0.0;0;0.46;41.043;16570;Seq Scan;10;Outer;;3600;62500;0;0;0.4166666666666667;0.0;4225.0;8;150000.0;0;0.0;0.0;0.0;0.0;16571;Hash;10;Inner;;0;5;5;0;1.0;2.4;2.4;4;0.0;0;16572;Hash Join;11;Outer;;0;5;25;1;0.2;1.07;2.4;4;0.0;0;0.008;0.008;0.353;0.353
Q8_99_seed_803995038;16612;Hash Join;7;Outer;;0;29497;147487;12500;1.599978303172483e-05;4743.09;38813.14;8;0.0;0;35.075;217.895;16613;Seq Scan;8;Outer;;26136;147487;0;0;0.0983246666666666;0.0;33394.06;12;1500000.0;0;0.0;0.0;0.0;0.0;16614;Hash;8;Inner;;0;12500;12500;0;1.0;4586.84;4586.84;4;0.0;0;16615;Hash Join;9;Outer;;0;12500;62500;5;0.04;2.46;4586.84;4;0.0;0;0.021;32.373;0.239;0.24
Q8_99_seed_803995038;16615;Hash Join;9;Outer;;0;12500;62500;5;0.04;2.46;4586.84;4;0.0;0;0.268;33.944;16616;Seq Scan;10;Outer;;3600;62500;0;0;0.4166666666666667;0.0;4225.0;8;150000.0;0;0.0;0.0;0.0;0.0;16617;Hash;10;Inner;;0;5;5;0;1.0;2.4;2.4;4;0.0;0;16618;Hash Join;11;Outer;;0;5;25;1;0.2;1.07;2.4;4;0.0;0;0.009;0.01;0.216;0.217
Q8_9_seed_65632248;16635;Hash Join;7;Outer;;0;29497;147487;12500;1.599978303172483e-05;4743.09;38813.14;8;0.0;0;38.776;217.5;16636;Seq Scan;8;Outer;;26136;147487;0;0;0.0983246666666666;0.0;33394.06;12;1500000.0;0;0.0;0.0;0.0;0.0;16637;Hash;8;Inner;;0;12500;12500;0;1.0;4586.84;4586.84;4;0.0;0;16638;Hash Join;9;Outer;;0;12500;62500;5;0.04;2.46;4586.84;4;0.0;0;0.068;35.318;0.621;0.621
Q8_9_seed_65632248;16638;Hash Join;9;Outer;;0;12500;62500;5;0.04;2.46;4586.84;4;0.0;0;0.696;37.233;16639;Seq Scan;10;Outer;;3600;62500;0;0;0.4166666666666667;0.0;4225.0;8;150000.0;0;0.0;0.0;0.0;0.0;16640;Hash;10;Inner;;0;5;5;0;1.0;2.4;2.4;4;0.0;0;16641;Hash Join;11;Outer;;0;5;25;1;0.2;1.07;2.4;4;0.0;0;0.01;0.011;0.599;0.599
Q9_101_seed_820403100;16675;Hash Join;5;Outer;;0;64945;1200243;18037;2.9999376882755692e-06;15065.28;148669.64;131;0.0;0;181.603;973.225;16676;Seq Scan;6;Outer;;112600;1200243;0;0;0.2;0.0;124602.43;29;6001215.0;0;0.0;0.0;0.0;0.0;16677;Hash;6;Inner;;0;18037;18037;0;1.0;14794.72;14794.72;126;0.0;0;16678;Hash Join;7;Outer;;0;18037;18037;25;0.04;449.99;14794.72;126;0.0;0;4.835;164.959;13.061;13.061
Q9_103_seed_836811162;16711;Hash Join;5;Outer;;0;55319;1200243;15363;3.000054252124449e-06;14402.78;148007.12;131;0.0;0;179.607;973.747;16712;Seq Scan;6;Outer;;112600;1200243;0;0;0.2;0.0;124602.43;29;6001215.0;0;0.0;0.0;0.0;0.0;16713;Hash;6;Inner;;0;15363;15363;0;1.0;14172.33;14172.33;126;0.0;0;16714;Hash Join;7;Outer;;0;15363;15363;25;0.04;449.99;14172.33;126;0.0;0;5.384;162.342;13.35;13.35
Q9_105_seed_853219224;16747;Hash Join;5;Outer;;0;57726;1200243;16032;2.999953886583476e-06;14570.01;148174.36;131;0.0;0;177.314;967.356;16748;Seq Scan;6;Outer;;112600;1200243;0;0;0.2;0.0;124602.43;29;6001215.0;0;0.0;0.0;0.0;0.0;16749;Hash;6;Inner;;0;16032;16032;0;1.0;14329.53;14329.53;126;0.0;0;16750;Hash Join;7;Outer;;0;16032;16032;25;0.04;449.99;14329.53;126;0.0;0;4.938;161.207;13.04;13.04
Q9_106_seed_861423255;16765;Hash Join;5;Outer;;0;69752;1200243;19372;2.999943134407429e-06;15390.55;148994.93;131;0.0;0;184.508;973.16;16766;Seq Scan;6;Outer;;112600;1200243;0;0;0.2;0.0;124602.43;29;6001215.0;0;0.0;0.0;0.0;0.0;16767;Hash;6;Inner;;0;19372;19372;0;1.0;15099.97;15099.97;126;0.0;0;16768;Hash Join;7;Outer;;0;19372;19372;25;0.04;449.99;15099.97;126;0.0;0;5.233;167.516;13.467;13.467
Q9_107_seed_869627286;16783;Hash Join;5;Outer;;0;72159;1200243;20040;3.0000162492045462e-06;15551.61;149155.98;131;0.0;0;177.209;952.513;16784;Seq Scan;6;Outer;;112600;1200243;0;0;0.2;0.0;124602.43;29;6001215.0;0;0.0;0.0;0.0;0.0;16785;Hash;6;Inner;;0;20040;20040;0;1.0;15251.01;15251.01;126;0.0;0;16786;Hash Join;7;Outer;;0;20040;20040;25;0.04;449.99;15251.01;126;0.0;0;4.069;161.061;13.085;13.085
Q9_108_seed_877831317;16801;Hash Join;5;Outer;;0;72159;1200243;20040;3.0000162492045462e-06;15551.61;149155.98;131;0.0;0;186.692;990.126;16802;Seq Scan;6;Outer;;112600;1200243;0;0;0.2;0.0;124602.43;29;6001215.0;0;0.0;0.0;0.0;0.0;16803;Hash;6;Inner;;0;20040;20040;0;1.0;15251.01;15251.01;126;0.0;0;16804;Hash Join;7;Outer;;0;20040;20040;25;0.04;449.99;15251.01;126;0.0;0;4.756;168.107;13.637;13.637
Q9_109_seed_886035348;16819;Hash Join;5;Outer;;0;52919;1200243;14697;2.999948179451045e-06;14233.85;147838.19;131;0.0;0;174.139;1039.547;16820;Seq Scan;6;Outer;;112600;1200243;0;0;0.2;0.0;124602.43;29;6001215.0;0;0.0;0.0;0.0;0.0;16821;Hash;6;Inner;;0;14697;14697;0;1.0;14013.39;14013.39;126;0.0;0;16822;Hash Join;7;Outer;;0;14697;14697;25;0.04;449.99;14013.39;126;0.0;0;4.545;156.933;14.24;14.241
Q9_10_seed_73836279;16837;Hash Join;5;Outer;;0;40892;1200243;11357;2.9998914800334657e-06;12928.2;146532.53;131;0.0;0;191.488;976.942;16838;Seq Scan;6;Outer;;112600;1200243;0;0;0.2;0.0;124602.43;29;6001215.0;0;0.0;0.0;0.0;0.0;16839;Hash;6;Inner;;0;11357;11357;0;1.0;12757.85;12757.85;126;0.0;0;16840;Hash Join;7;Outer;;0;11357;11357;25;0.04;449.99;12757.85;126;0.0;0;5.159;169.871;13.535;13.535
Q9_111_seed_902443410;16872;Hash Join;4;Outer;;0;131901;483871;81779;3.3333176222132152e-06;150812.72;184195.5;159;0.0;0;1039.832;1233.783;16873;Seq Scan;5;Outer;;26136;483871;0;0;0.3225806666666667;0.0;30974.71;8;1500000.0;0;0.0;0.0;0.0;0.0;16874;Hash;5;Inner;;0;81779;81779;0;1.0;149790.48;149790.48;131;0.0;0;16875;Hash Join;6;Outer;;0;81779;1200243;22712;2.9999722285308492e-06;16186.09;149790.48;131;0.0;0;0.331;689.955;217.329;217.33
Q9_111_seed_902443410;16875;Hash Join;6;Outer;;0;81779;1200243;22712;2.9999722285308492e-06;16186.09;149790.48;131;0.0;0;217.745;1021.614;16876;Seq Scan;7;Outer;;112600;1200243;0;0;0.2;0.0;124602.43;29;6001215.0;0;0.0;0.0;0.0;0.0;16877;Hash;7;Inner;;0;22712;22712;0;1.0;15845.41;15845.41;126;0.0;0;16878;Hash Join;8;Outer;;0;22712;22712;25;0.04;449.99;15845.41;126;0.0;0;5.363;199.5;14.698;14.698
Q9_112_seed_910647441;16892;Hash Join;5;Outer;;0;67346;1200243;18703;3.0000697390814218e-06;15228.71;148833.07;131;0.0;0;181.329;994.359;16893;Seq Scan;6;Outer;;112600;1200243;0;0;0.2;0.0;124602.43;29;6001215.0;0;0.0;0.0;0.0;0.0;16894;Hash;6;Inner;;0;18703;18703;0;1.0;14948.16;14948.16;126;0.0;0;16895;Hash Join;7;Outer;;0;18703;18703;25;0.04;449.99;14948.16;126;0.0;0;4.372;163.85;13.119;13.119
Q9_113_seed_918851472;16910;Hash Join;5;Outer;;0;62539;1200243;17368;3.0000738147009185e-06;14901.38;148505.73;131;0.0;0;183.896;976.295;16911;Seq Scan;6;Outer;;112600;1200243;0;0;0.2;0.0;124602.43;29;6001215.0;0;0.0;0.0;0.0;0.0;16912;Hash;6;Inner;;0;17368;17368;0;1.0;14640.86;14640.86;126;0.0;0;16913;Hash Join;7;Outer;;0;17368;17368;25;0.04;449.99;14640.86;126;0.0;0;3.149;166.203;13.764;13.764
Q9_114_seed_927055503;16928;Hash Join;5;Outer;;0;48106;1200243;13360;3.0000162492045462e-06;13733.17;147337.5;131;0.0;0;185.296;979.665;16929;Seq Scan;6;Outer;;112600;1200243;0;0;0.2;0.0;124602.43;29;6001215.0;0;0.0;0.0;0.0;0.0;16930;Hash;6;Inner;;0;13360;13360;0;1.0;13532.77;13532.77;126;0.0;0;16931;Hash Join;7;Outer;;0;13360;13360;25;0.04;449.99;13532.77;126;0.0;0;6.502;166.423;13.279;13.279
Q9_115_seed_935259534;16945;Hash Join;4;Outer;;0;124148;483871;76972;3.3333227177220148e-06;150436.94;183784.83;159;0.0;0;1025.959;1221.101;16946;Seq Scan;5;Outer;;26136;483871;0;0;0.3225806666666667;0.0;30974.71;8;1500000.0;0;0.0;0.0;0.0;0.0;16947;Hash;5;Inner;;0;76972;76972;0;1.0;149474.79;149474.79;131;0.0;0;16948;Hash Join;6;Outer;;0;76972;1200243;21377;2.999969450253935e-06;15870.41;149474.79;131;0.0;0;0.218;676.673;212.39;212.391
Q9_115_seed_935259534;16948;Hash Join;6;Outer;;0;76972;1200243;21377;2.999969450253935e-06;15870.41;149474.79;131;0.0;0;212.766;1006.745;16949;Seq Scan;7;Outer;;112600;1200243;0;0;0.2;0.0;124602.43;29;6001215.0;0;0.0;0.0;0.0;0.0;16950;Hash;7;Inner;;0;21377;21377;0;1.0;15549.75;15549.75;126;0.0;0;16951;Hash Join;8;Outer;;0;21377;21377;25;0.04;449.99;15549.75;126;0.0;0;4.237;193.495;15.548;15.548
Q9_118_seed_959871627;17001;Hash Join;5;Outer;;0;67346;1200243;18703;3.0000697390814218e-06;15228.71;148833.07;131;0.0;0;194.873;1024.523;17002;Seq Scan;6;Outer;;112600;1200243;0;0;0.2;0.0;124602.43;29;6001215.0;0;0.0;0.0;0.0;0.0;17003;Hash;6;Inner;;0;18703;18703;0;1.0;14948.16;14948.16;126;0.0;0;17004;Hash Join;7;Outer;;0;18703;18703;25;0.04;449.99;14948.16;126;0.0;0;5.34;177.329;13.453;13.453
Q9_119_seed_968075658;17019;Hash Join;5;Outer;;0;64945;1200243;18037;2.9999376882755692e-06;15065.28;148669.64;131;0.0;0;178.283;960.956;17020;Seq Scan;6;Outer;;112600;1200243;0;0;0.2;0.0;124602.43;29;6001215.0;0;0.0;0.0;0.0;0.0;17021;Hash;6;Inner;;0;18037;18037;0;1.0;14794.72;14794.72;126;0.0;0;17022;Hash Join;7;Outer;;0;18037;18037;25;0.04;449.99;14794.72;126;0.0;0;4.584;160.639;13.113;13.113
Q9_11_seed_82040310;17037;Hash Join;5;Outer;;0;52919;1200243;14697;2.999948179451045e-06;14233.85;147838.19;131;0.0;0;177.833;976.825;17038;Seq Scan;6;Outer;;112600;1200243;0;0;0.2;0.0;124602.43;29;6001215.0;0;0.0;0.0;0.0;0.0;17039;Hash;6;Inner;;0;14697;14697;0;1.0;14013.39;14013.39;126;0.0;0;17040;Hash Join;7;Outer;;0;14697;14697;25;0.04;449.99;14013.39;126;0.0;0;5.113;161.453;12.775;12.776
Q9_120_seed_976279689;17055;Hash Join;5;Outer;;0;60132;1200243;16700;2.9999913041561178e-06;14736.2;148340.56;131;0.0;0;182.004;972.924;17056;Seq Scan;6;Outer;;112600;1200243;0;0;0.2;0.0;124602.43;29;6001215.0;0;0.0;0.0;0.0;0.0;17057;Hash;6;Inner;;0;16700;16700;0;1.0;14485.7;14485.7;126;0.0;0;17058;Hash Join;7;Outer;;0;16700;16700;25;0.04;449.99;14485.7;126;0.0;0;3.816;165.301;12.699;12.7
Q9_122_seed_992687751;17091;Hash Join;5;Outer;;0;67346;1200243;18703;3.0000697390814218e-06;15228.71;148833.07;131;0.0;0;192.392;981.306;17092;Seq Scan;6;Outer;;112600;1200243;0;0;0.2;0.0;124602.43;29;6001215.0;0;0.0;0.0;0.0;0.0;17093;Hash;6;Inner;;0;18703;18703;0;1.0;14948.16;14948.16;126;0.0;0;17094;Hash Join;7;Outer;;0;18703;18703;25;0.04;449.99;14948.16;126;0.0;0;4.689;175.598;13.629;13.629
Q9_123_seed_1000891782;17109;Hash Join;5;Outer;;0;72159;1200243;20040;3.0000162492045462e-06;15551.61;149155.98;131;0.0;0;178.723;967.711;17110;Seq Scan;6;Outer;;112600;1200243;0;0;0.2;0.0;124602.43;29;6001215.0;0;0.0;0.0;0.0;0.0;17111;Hash;6;Inner;;0;20040;20040;0;1.0;15251.01;15251.01;126;0.0;0;17112;Hash Join;7;Outer;;0;20040;20040;25;0.04;449.99;15251.01;126;0.0;0;4.966;161.262;13.547;13.548
Q9_124_seed_1009095813;17127;Hash Join;5;Outer;;0;55319;1200243;15363;3.000054252124449e-06;14402.78;148007.12;131;0.0;0;177.737;979.038;17128;Seq Scan;6;Outer;;112600;1200243;0;0;0.2;0.0;124602.43;29;6001215.0;0;0.0;0.0;0.0;0.0;17129;Hash;6;Inner;;0;15363;15363;0;1.0;14172.33;14172.33;126;0.0;0;17130;Hash Join;7;Outer;;0;15363;15363;25;0.04;449.99;14172.33;126;0.0;0;5.678;160.34;13.159;13.159
Q9_125_seed_1017299844;17145;Hash Join;5;Outer;;0;64945;1200243;18037;2.9999376882755692e-06;15065.28;148669.64;131;0.0;0;189.446;981.835;17146;Seq Scan;6;Outer;;112600;1200243;0;0;0.2;0.0;124602.43;29;6001215.0;0;0.0;0.0;0.0;0.0;17147;Hash;6;Inner;;0;18037;18037;0;1.0;14794.72;14794.72;126;0.0;0;17148;Hash Join;7;Outer;;0;18037;18037;25;0.04;449.99;14794.72;126;0.0;0;5.656;171.727;13.215;13.215
Q9_127_seed_1033707906;17181;Hash Join;5;Outer;;0;64945;1200243;18037;2.9999376882755692e-06;15065.28;148669.64;131;0.0;0;186.83;969.258;17182;Seq Scan;6;Outer;;112600;1200243;0;0;0.2;0.0;124602.43;29;6001215.0;0;0.0;0.0;0.0;0.0;17183;Hash;6;Inner;;0;18037;18037;0;1.0;14794.72;14794.72;126;0.0;0;17184;Hash Join;7;Outer;;0;18037;18037;25;0.04;449.99;14794.72;126;0.0;0;4.905;166.901;12.829;12.829
Q9_128_seed_1041911937;17199;Hash Join;5;Outer;;0;48106;1200243;13360;3.0000162492045462e-06;13733.17;147337.5;131;0.0;0;174.794;954.856;17200;Seq Scan;6;Outer;;112600;1200243;0;0;0.2;0.0;124602.43;29;6001215.0;0;0.0;0.0;0.0;0.0;17201;Hash;6;Inner;;0;13360;13360;0;1.0;13532.77;13532.77;126;0.0;0;17202;Hash Join;7;Outer;;0;13360;13360;25;0.04;449.99;13532.77;126;0.0;0;3.959;153.761;12.696;12.697
Q9_129_seed_1050115968;17216;Hash Join;4;Outer;;0;131901;483871;81779;3.3333176222132152e-06;150812.72;184195.5;159;0.0;0;1037.952;1227.723;17217;Seq Scan;5;Outer;;26136;483871;0;0;0.3225806666666667;0.0;30974.71;8;1500000.0;0;0.0;0.0;0.0;0.0;17218;Hash;5;Inner;;0;81779;81779;0;1.0;149790.48;149790.48;131;0.0;0;17219;Hash Join;6;Outer;;0;81779;1200243;22712;2.9999722285308492e-06;16186.09;149790.48;131;0.0;0;0.242;687.682;217.001;217.002
Q9_129_seed_1050115968;17219;Hash Join;6;Outer;;0;81779;1200243;22712;2.9999722285308492e-06;16186.09;149790.48;131;0.0;0;218.216;1019.952;17220;Seq Scan;7;Outer;;112600;1200243;0;0;0.2;0.0;124602.43;29;6001215.0;0;0.0;0.0;0.0;0.0;17221;Hash;7;Inner;;0;22712;22712;0;1.0;15845.41;15845.41;126;0.0;0;17222;Hash Join;8;Outer;;0;22712;22712;25;0.04;449.99;15845.41;126;0.0;0;4.595;199.608;14.199;14.199
Q9_12_seed_90244341;17236;Hash Join;5;Outer;;0;64945;1200243;18037;2.9999376882755692e-06;15065.28;148669.64;131;0.0;0;182.667;971.068;17237;Seq Scan;6;Outer;;112600;1200243;0;0;0.2;0.0;124602.43;29;6001215.0;0;0.0;0.0;0.0;0.0;17238;Hash;6;Inner;;0;18037;18037;0;1.0;14794.72;14794.72;126;0.0;0;17239;Hash Join;7;Outer;;0;18037;18037;25;0.04;449.99;14794.72;126;0.0;0;4.039;166.012;13.155;13.155
Q9_130_seed_1058319999;17254;Hash Join;5;Outer;;0;69752;1200243;19372;2.999943134407429e-06;15390.55;148994.93;131;0.0;0;183.368;993.393;17255;Seq Scan;6;Outer;;112600;1200243;0;0;0.2;0.0;124602.43;29;6001215.0;0;0.0;0.0;0.0;0.0;17256;Hash;6;Inner;;0;19372;19372;0;1.0;15099.97;15099.97;126;0.0;0;17257;Hash Join;7;Outer;;0;19372;19372;25;0.04;449.99;15099.97;126;0.0;0;4.186;164.48;12.769;12.769
Q9_131_seed_1066524030;17272;Hash Join;5;Outer;;0;72159;1200243;20040;3.0000162492045462e-06;15551.61;149155.98;131;0.0;0;179.572;973.127;17273;Seq Scan;6;Outer;;112600;1200243;0;0;0.2;0.0;124602.43;29;6001215.0;0;0.0;0.0;0.0;0.0;17274;Hash;6;Inner;;0;20040;20040;0;1.0;15251.01;15251.01;126;0.0;0;17275;Hash Join;7;Outer;;0;20040;20040;25;0.04;449.99;15251.01;126;0.0;0;3.575;161.641;14.455;14.455
Q9_132_seed_1074728061;17290;Hash Join;5;Outer;;0;72159;1200243;20040;3.0000162492045462e-06;15551.61;149155.98;131;0.0;0;182.101;974.044;17291;Seq Scan;6;Outer;;112600;1200243;0;0;0.2;0.0;124602.43;29;6001215.0;0;0.0;0.0;0.0;0.0;17292;Hash;6;Inner;;0;20040;20040;0;1.0;15251.01;15251.01;126;0.0;0;17293;Hash Join;7;Outer;;0;20040;20040;25;0.04;449.99;15251.01;126;0.0;0;4.453;164.137;12.961;12.961
Q9_133_seed_1082932092;17308;Hash Join;5;Outer;;0;74565;1200243;20708;3.0000444129689005e-06;15711.38;149315.75;131;0.0;0;172.02;968.297;17309;Seq Scan;6;Outer;;112600;1200243;0;0;0.2;0.0;124602.43;29;6001215.0;0;0.0;0.0;0.0;0.0;17310;Hash;6;Inner;;0;20708;20708;0;1.0;15400.76;15400.76;126;0.0;0;17311;Hash Join;7;Outer;;0;20708;20708;25;0.04;449.99;15400.76;126;0.0;0;4.937;156.102;12.919;12.919
Q9_135_seed_1099340154;17344;Hash Join;5;Outer;;0;69752;1200243;19372;2.999943134407429e-06;15390.55;148994.93;131;0.0;0;180.6;961.679;17345;Seq Scan;6;Outer;;112600;1200243;0;0;0.2;0.0;124602.43;29;6001215.0;0;0.0;0.0;0.0;0.0;17346;Hash;6;Inner;;0;19372;19372;0;1.0;15099.97;15099.97;126;0.0;0;17347;Hash Join;7;Outer;;0;19372;19372;25;0.04;449.99;15099.97;126;0.0;0;3.949;162.543;12.797;12.797
Q9_138_seed_1123952247;17398;Hash Join;5;Outer;;0;72159;1200243;20040;3.0000162492045462e-06;15551.61;149155.98;131;0.0;0;173.31;964.679;17399;Seq Scan;6;Outer;;112600;1200243;0;0;0.2;0.0;124602.43;29;6001215.0;0;0.0;0.0;0.0;0.0;17400;Hash;6;Inner;;0;20040;20040;0;1.0;15251.01;15251.01;126;0.0;0;17401;Hash Join;7;Outer;;0;20040;20040;25;0.04;449.99;15251.01;126;0.0;0;4.998;156.391;13.489;13.489
Q9_139_seed_1132156278;17416;Hash Join;5;Outer;;0;60132;1200243;16700;2.9999913041561178e-06;14736.2;148340.56;131;0.0;0;190.766;996.861;17417;Seq Scan;6;Outer;;112600;1200243;0;0;0.2;0.0;124602.43;29;6001215.0;0;0.0;0.0;0.0;0.0;17418;Hash;6;Inner;;0;16700;16700;0;1.0;14485.7;14485.7;126;0.0;0;17419;Hash Join;7;Outer;;0;16700;16700;25;0.04;449.99;14485.7;126;0.0;0;6.004;174.464;13.019;13.019
Q9_13_seed_98448372;17434;Hash Join;5;Outer;;0;64945;1200243;18037;2.9999376882755692e-06;15065.28;148669.64;131;0.0;0;186.565;974.013;17435;Seq Scan;6;Outer;;112600;1200243;0;0;0.2;0.0;124602.43;29;6001215.0;0;0.0;0.0;0.0;0.0;17436;Hash;6;Inner;;0;18037;18037;0;1.0;14794.72;14794.72;126;0.0;0;17437;Hash Join;7;Outer;;0;18037;18037;25;0.04;449.99;14794.72;126;0.0;0;3.647;170.901;12.592;12.592
Q9_140_seed_1140360309;17452;Hash Join;5;Outer;;0;69752;1200243;19372;2.999943134407429e-06;15390.55;148994.93;131;0.0;0;184.365;986.345;17453;Seq Scan;6;Outer;;112600;1200243;0;0;0.2;0.0;124602.43;29;6001215.0;0;0.0;0.0;0.0;0.0;17454;Hash;6;Inner;;0;19372;19372;0;1.0;15099.97;15099.97;126;0.0;0;17455;Hash Join;7;Outer;;0;19372;19372;25;0.04;449.99;15099.97;126;0.0;0;5.415;167.152;13.884;13.884
Q9_141_seed_1148564340;17469;Hash Join;4;Outer;;0;128019;483871;79372;3.3333238719173996e-06;150625.41;183990.72;159;0.0;0;1027.853;1217.818;17470;Seq Scan;5;Outer;;26136;483871;0;0;0.3225806666666667;0.0;30974.71;8;1500000.0;0;0.0;0.0;0.0;0.0;17471;Hash;5;Inner;;0;79372;79372;0;1.0;149633.26;149633.26;131;0.0;0;17472;Hash Join;6;Outer;;0;79372;1200243;22043;3.0000427355656793e-06;16028.88;149633.26;131;0.0;0;0.354;686.943;206.547;206.549
Q9_141_seed_1148564340;17472;Hash Join;6;Outer;;0;79372;1200243;22043;3.0000427355656793e-06;16028.88;149633.26;131;0.0;0;207.488;1009.449;17473;Seq Scan;7;Outer;;112600;1200243;0;0;0.2;0.0;124602.43;29;6001215.0;0;0.0;0.0;0.0;0.0;17474;Hash;7;Inner;;0;22043;22043;0;1.0;15698.23;15698.23;126;0.0;0;17475;Hash Join;8;Outer;;0;22043;22043;25;0.04;449.99;15698.23;126;0.0;0;3.177;188.006;15.042;15.042
Q9_142_seed_1156768371;17489;Hash Join;5;Outer;;0;67346;1200243;18703;3.0000697390814218e-06;15228.71;148833.07;131;0.0;0;180.691;991.81;17490;Seq Scan;6;Outer;;112600;1200243;0;0;0.2;0.0;124602.43;29;6001215.0;0;0.0;0.0;0.0;0.0;17491;Hash;6;Inner;;0;18703;18703;0;1.0;14948.16;14948.16;126;0.0;0;17492;Hash Join;7;Outer;;0;18703;18703;25;0.04;449.99;14948.16;126;0.0;0;5.505;163.177;13.794;13.794
Q9_143_seed_1164972402;17507;Hash Join;5;Outer;;0;67346;1200243;18703;3.0000697390814218e-06;15228.71;148833.07;131;0.0;0;181.294;957.786;17508;Seq Scan;6;Outer;;112600;1200243;0;0;0.2;0.0;124602.43;29;6001215.0;0;0.0;0.0;0.0;0.0;17509;Hash;6;Inner;;0;18703;18703;0;1.0;14948.16;14948.16;126;0.0;0;17510;Hash Join;7;Outer;;0;18703;18703;25;0.04;449.99;14948.16;126;0.0;0;5.384;164.01;13.893;13.893
Q9_144_seed_1173176433;17525;Hash Join;5;Outer;;0;69752;1200243;19372;2.999943134407429e-06;15390.55;148994.93;131;0.0;0;182.378;973.199;17526;Seq Scan;6;Outer;;112600;1200243;0;0;0.2;0.0;124602.43;29;6001215.0;0;0.0;0.0;0.0;0.0;17527;Hash;6;Inner;;0;19372;19372;0;1.0;15099.97;15099.97;126;0.0;0;17528;Hash Join;7;Outer;;0;19372;19372;25;0.04;449.99;15099.97;126;0.0;0;5.152;164.857;13.619;13.619
Q9_145_seed_1181380464;17543;Hash Join;5;Outer;;0;60132;1200243;16700;2.9999913041561178e-06;14736.2;148340.56;131;0.0;0;174.519;955.427;17544;Seq Scan;6;Outer;;112600;1200243;0;0;0.2;0.0;124602.43;29;6001215.0;0;0.0;0.0;0.0;0.0;17545;Hash;6;Inner;;0;16700;16700;0;1.0;14485.7;14485.7;126;0.0;0;17546;Hash Join;7;Outer;;0;16700;16700;25;0.04;449.99;14485.7;126;0.0;0;4.237;156.325;14.188;14.188
Q9_146_seed_1189584495;17561;Hash Join;5;Outer;;0;55319;1200243;15363;3.000054252124449e-06;14402.78;148007.12;131;0.0;0;170.91;964.326;17562;Seq Scan;6;Outer;;112600;1200243;0;0;0.2;0.0;124602.43;29;6001215.0;0;0.0;0.0;0.0;0.0;17563;Hash;6;Inner;;0;15363;15363;0;1.0;14172.33;14172.33;126;0.0;0;17564;Hash Join;7;Outer;;0;15363;15363;25;0.04;449.99;14172.33;126;0.0;0;4.368;153.95;13.65;13.65
Q9_147_seed_1197788526;17579;Hash Join;5;Outer;;0;43293;1200243;12023;3.000099458151332e-06;13202.71;146807.04;131;0.0;0;185.128;992.346;17580;Seq Scan;6;Outer;;112600;1200243;0;0;0.2;0.0;124602.43;29;6001215.0;0;0.0;0.0;0.0;0.0;17581;Hash;6;Inner;;0;12023;12023;0;1.0;13022.37;13022.37;126;0.0;0;17582;Hash Join;7;Outer;;0;12023;12023;25;0.04;449.99;13022.37;126;0.0;0;5.413;164.835;12.918;12.918
Q9_148_seed_1205992557;17596;Hash Join;4;Outer;;0;124148;483871;76972;3.3333227177220148e-06;150436.94;183784.83;159;0.0;0;1049.135;1239.418;17597;Seq Scan;5;Outer;;26136;483871;0;0;0.3225806666666667;0.0;30974.71;8;1500000.0;0;0.0;0.0;0.0;0.0;17598;Hash;5;Inner;;0;76972;76972;0;1.0;149474.79;149474.79;131;0.0;0;17599;Hash Join;6;Outer;;0;76972;1200243;21377;2.999969450253935e-06;15870.41;149474.79;131;0.0;0;0.226;699.845;215.613;215.615
Q9_148_seed_1205992557;17599;Hash Join;6;Outer;;0;76972;1200243;21377;2.999969450253935e-06;15870.41;149474.79;131;0.0;0;216.12;1030.423;17600;Seq Scan;7;Outer;;112600;1200243;0;0;0.2;0.0;124602.43;29;6001215.0;0;0.0;0.0;0.0;0.0;17601;Hash;7;Inner;;0;21377;21377;0;1.0;15549.75;15549.75;126;0.0;0;17602;Hash Join;8;Outer;;0;21377;21377;25;0.04;449.99;15549.75;126;0.0;0;4.671;198.002;14.244;14.245
Q9_14_seed_106652403;17634;Hash Join;5;Outer;;0;48106;1200243;13360;3.0000162492045462e-06;13733.17;147337.5;131;0.0;0;183.728;976.333;17635;Seq Scan;6;Outer;;112600;1200243;0;0;0.2;0.0;124602.43;29;6001215.0;0;0.0;0.0;0.0;0.0;17636;Hash;6;Inner;;0;13360;13360;0;1.0;13532.77;13532.77;126;0.0;0;17637;Hash Join;7;Outer;;0;13360;13360;25;0.04;449.99;13532.77;126;0.0;0;6.988;162.446;13.883;13.883
Q9_150_seed_1231235959;17652;Hash Join;5;Outer;;0;60132;1200243;16700;2.9999913041561178e-06;14736.2;148340.56;131;0.0;0;178.869;949.902;17653;Seq Scan;6;Outer;;112600;1200243;0;0;0.2;0.0;124602.43;29;6001215.0;0;0.0;0.0;0.0;0.0;17654;Hash;6;Inner;;0;16700;16700;0;1.0;14485.7;14485.7;126;0.0;0;17655;Hash Join;7;Outer;;0;16700;16700;25;0.04;449.99;14485.7;126;0.0;0;4.425;161.769;13.122;13.122
Q9_15_seed_114856434;17670;Hash Join;5;Outer;;0;69752;1200243;19372;2.999943134407429e-06;15390.55;148994.93;131;0.0;0;178.412;966.95;17671;Seq Scan;6;Outer;;112600;1200243;0;0;0.2;0.0;124602.43;29;6001215.0;0;0.0;0.0;0.0;0.0;17672;Hash;6;Inner;;0;19372;19372;0;1.0;15099.97;15099.97;126;0.0;0;17673;Hash Join;7;Outer;;0;19372;19372;25;0.04;449.99;15099.97;126;0.0;0;4.445;161.526;13.291;13.291
Q9_16_seed_123060465;17688;Hash Join;5;Outer;;0;50512;1200243;14028;3.0000578242852597e-06;13989.83;147594.16;131;0.0;0;182.743;973.171;17689;Seq Scan;6;Outer;;112600;1200243;0;0;0.2;0.0;124602.43;29;6001215.0;0;0.0;0.0;0.0;0.0;17690;Hash;6;Inner;;0;14028;14028;0;1.0;13779.41;13779.41;126;0.0;0;17691;Hash Join;7;Outer;;0;14028;14028;25;0.04;449.99;13779.41;126;0.0;0;5.796;162.706;12.934;12.935
Q9_17_seed_131264496;17706;Hash Join;5;Outer;;0;72159;1200243;20040;3.0000162492045462e-06;15551.61;149155.98;131;0.0;0;183.24;974.109;17707;Seq Scan;6;Outer;;112600;1200243;0;0;0.2;0.0;124602.43;29;6001215.0;0;0.0;0.0;0.0;0.0;17708;Hash;6;Inner;;0;20040;20040;0;1.0;15251.01;15251.01;126;0.0;0;17709;Hash Join;7;Outer;;0;20040;20040;25;0.04;449.99;15251.01;126;0.0;0;4.87;167.125;12.927;12.927
Q9_18_seed_139468527;17723;Hash Join;4;Outer;;0;128019;483871;79372;3.3333238719173996e-06;150625.41;183990.72;159;0.0;0;1037.09;1224.271;17724;Seq Scan;5;Outer;;26136;483871;0;0;0.3225806666666667;0.0;30974.71;8;1500000.0;0;0.0;0.0;0.0;0.0;17725;Hash;5;Inner;;0;79372;79372;0;1.0;149633.26;149633.26;131;0.0;0;17726;Hash Join;6;Outer;;0;79372;1200243;22043;3.0000427355656793e-06;16028.88;149633.26;131;0.0;0;0.157;680.756;220.739;220.74
Q9_18_seed_139468527;17726;Hash Join;6;Outer;;0;79372;1200243;22043;3.0000427355656793e-06;16028.88;149633.26;131;0.0;0;221.954;1018.617;17727;Seq Scan;7;Outer;;112600;1200243;0;0;0.2;0.0;124602.43;29;6001215.0;0;0.0;0.0;0.0;0.0;17728;Hash;7;Inner;;0;22043;22043;0;1.0;15698.23;15698.23;126;0.0;0;17729;Hash Join;8;Outer;;0;22043;22043;25;0.04;449.99;15698.23;126;0.0;0;6.468;201.665;14.708;14.708
Q9_19_seed_147672558;17742;Hash Join;4;Outer;;0;155180;483871;96211;3.3333538987535645e-06;151918.84;185406.38;159;0.0;0;1001.111;1191.477;17743;Seq Scan;5;Outer;;26136;483871;0;0;0.3225806666666667;0.0;30974.71;8;1500000.0;0;0.0;0.0;0.0;0.0;17744;Hash;5;Inner;;0;96211;96211;0;1.0;150716.21;150716.21;131;0.0;0;17745;Hash Join;6;Outer;;0;96211;1200243;26720;2.999985067894011e-06;17111.79;150716.21;131;0.0;0;0.356;655.643;210.071;210.073
Q9_19_seed_147672558;17745;Hash Join;6;Outer;;0;96211;1200243;26720;2.999985067894011e-06;17111.79;150716.21;131;0.0;0;212.679;982.84;17746;Seq Scan;7;Outer;;112600;1200243;0;0;0.2;0.0;124602.43;29;6001215.0;0;0.0;0.0;0.0;0.0;17747;Hash;7;Inner;;0;26720;26720;0;1.0;16710.99;16710.99;126;0.0;0;17748;Hash Join;8;Outer;;0;26720;26720;25;0.04;449.99;16710.99;126;0.0;0;5.103;191.908;14.572;14.573
Q9_1_seed_0101000000;17762;Hash Join;5;Outer;;0;67346;1200243;18703;3.0000697390814218e-06;15228.71;148833.07;131;0.0;0;182.359;1003.396;17763;Seq Scan;6;Outer;;112600;1200243;0;0;0.2;0.0;124602.43;29;6001215.0;0;0.0;0.0;0.0;0.0;17764;Hash;6;Inner;;0;18703;18703;0;1.0;14948.16;14948.16;126;0.0;0;17765;Hash Join;7;Outer;;0;18703;18703;25;0.04;449.99;14948.16;126;0.0;0;4.122;163.663;13.777;13.777
Q9_20_seed_155876589;17780;Hash Join;5;Outer;;0;60132;1200243;16700;2.9999913041561178e-06;14736.2;148340.56;131;0.0;0;183.241;975.94;17781;Seq Scan;6;Outer;;112600;1200243;0;0;0.2;0.0;124602.43;29;6001215.0;0;0.0;0.0;0.0;0.0;17782;Hash;6;Inner;;0;16700;16700;0;1.0;14485.7;14485.7;126;0.0;0;17783;Hash Join;7;Outer;;0;16700;16700;25;0.04;449.99;14485.7;126;0.0;0;6.664;166.798;13.064;13.065
Q9_23_seed_180488682;17834;Hash Join;5;Outer;;0;48106;1200243;13360;3.0000162492045462e-06;13733.17;147337.5;131;0.0;0;182.98;967.906;17835;Seq Scan;6;Outer;;112600;1200243;0;0;0.2;0.0;124602.43;29;6001215.0;0;0.0;0.0;0.0;0.0;17836;Hash;6;Inner;;0;13360;13360;0;1.0;13532.77;13532.77;126;0.0;0;17837;Hash Join;7;Outer;;0;13360;13360;25;0.04;449.99;13532.77;126;0.0;0;4.894;161.976;14.087;14.088
Q9_24_seed_188692713;17852;Hash Join;5;Outer;;0;57726;1200243;16032;2.999953886583476e-06;14570.01;148174.36;131;0.0;0;178.046;956.149;17853;Seq Scan;6;Outer;;112600;1200243;0;0;0.2;0.0;124602.43;29;6001215.0;0;0.0;0.0;0.0;0.0;17854;Hash;6;Inner;;0;16032;16032;0;1.0;14329.53;14329.53;126;0.0;0;17855;Hash Join;7;Outer;;0;16032;16032;25;0.04;449.99;14329.53;126;0.0;0;5.932;160.694;13.59;13.59
Q9_25_seed_196896744;17870;Hash Join;5;Outer;;0;72159;1200243;20040;3.0000162492045462e-06;15551.61;149155.98;131;0.0;0;176.832;971.944;17871;Seq Scan;6;Outer;;112600;1200243;0;0;0.2;0.0;124602.43;29;6001215.0;0;0.0;0.0;0.0;0.0;17872;Hash;6;Inner;;0;20040;20040;0;1.0;15251.01;15251.01;126;0.0;0;17873;Hash Join;7;Outer;;0;20040;20040;25;0.04;449.99;15251.01;126;0.0;0;5.645;160.643;13.468;13.468
Q9_27_seed_213304806;17906;Hash Join;5;Outer;;0;69752;1200243;19372;2.999943134407429e-06;15390.55;148994.93;131;0.0;0;176.666;968.305;17907;Seq Scan;6;Outer;;112600;1200243;0;0;0.2;0.0;124602.43;29;6001215.0;0;0.0;0.0;0.0;0.0;17908;Hash;6;Inner;;0;19372;19372;0;1.0;15099.97;15099.97;126;0.0;0;17909;Hash Join;7;Outer;;0;19372;19372;25;0.04;449.99;15099.97;126;0.0;0;5.351;159.517;13.297;13.297
Q9_28_seed_221508837;17924;Hash Join;5;Outer;;0;52919;1200243;14697;2.999948179451045e-06;14233.85;147838.19;131;0.0;0;177.589;1034.425;17925;Seq Scan;6;Outer;;112600;1200243;0;0;0.2;0.0;124602.43;29;6001215.0;0;0.0;0.0;0.0;0.0;17926;Hash;6;Inner;;0;14697;14697;0;1.0;14013.39;14013.39;126;0.0;0;17927;Hash Join;7;Outer;;0;14697;14697;25;0.04;449.99;14013.39;126;0.0;0;3.169;161.146;13.375;13.375
Q9_2_seed_8204031;17960;Hash Join;5;Outer;;0;67346;1200243;18703;3.0000697390814218e-06;15228.71;148833.07;131;0.0;0;187.154;973.142;17961;Seq Scan;6;Outer;;112600;1200243;0;0;0.2;0.0;124602.43;29;6001215.0;0;0.0;0.0;0.0;0.0;17962;Hash;6;Inner;;0;18703;18703;0;1.0;14948.16;14948.16;126;0.0;0;17963;Hash Join;7;Outer;;0;18703;18703;25;0.04;449.99;14948.16;126;0.0;0;4.882;169.239;13.472;13.472
Q9_30_seed_237916899;17977;Hash Join;4;Outer;;0;131901;483871;81779;3.3333176222132152e-06;150812.72;184195.5;159;0.0;0;1040.355;1256.636;17978;Seq Scan;5;Outer;;26136;483871;0;0;0.3225806666666667;0.0;30974.71;8;1500000.0;0;0.0;0.0;0.0;0.0;17979;Hash;5;Inner;;0;81779;81779;0;1.0;149790.48;149790.48;131;0.0;0;17980;Hash Join;6;Outer;;0;81779;1200243;22712;2.9999722285308492e-06;16186.09;149790.48;131;0.0;0;0.331;703.269;204.911;204.912
Q9_30_seed_237916899;17980;Hash Join;6;Outer;;0;81779;1200243;22712;2.9999722285308492e-06;16186.09;149790.48;131;0.0;0;205.335;1022.1;17981;Seq Scan;7;Outer;;112600;1200243;0;0;0.2;0.0;124602.43;29;6001215.0;0;0.0;0.0;0.0;0.0;17982;Hash;7;Inner;;0;22712;22712;0;1.0;15845.41;15845.41;126;0.0;0;17983;Hash Join;8;Outer;;0;22712;22712;25;0.04;449.99;15845.41;126;0.0;0;4.954;186.828;14.974;14.974
Q9_33_seed_262528992;18034;Hash Join;5;Outer;;0;48106;1200243;13360;3.0000162492045462e-06;13733.17;147337.5;131;0.0;0;184.783;983.906;18035;Seq Scan;6;Outer;;112600;1200243;0;0;0.2;0.0;124602.43;29;6001215.0;0;0.0;0.0;0.0;0.0;18036;Hash;6;Inner;;0;13360;13360;0;1.0;13532.77;13532.77;126;0.0;0;18037;Hash Join;7;Outer;;0;13360;13360;25;0.04;449.99;13532.77;126;0.0;0;6.039;163.713;13.753;13.754
Q9_34_seed_270733023;18052;Hash Join;5;Outer;;0;62539;1200243;17368;3.0000738147009185e-06;14901.38;148505.73;131;0.0;0;172.645;982.766;18053;Seq Scan;6;Outer;;112600;1200243;0;0;0.2;0.0;124602.43;29;6001215.0;0;0.0;0.0;0.0;0.0;18054;Hash;6;Inner;;0;17368;17368;0;1.0;14640.86;14640.86;126;0.0;0;18055;Hash Join;7;Outer;;0;17368;17368;25;0.04;449.99;14640.86;126;0.0;0;4.37;156.006;12.938;12.938
Q9_35_seed_278937054;18070;Hash Join;5;Outer;;0;57726;1200243;16032;2.999953886583476e-06;14570.01;148174.36;131;0.0;0;167.076;944.289;18071;Seq Scan;6;Outer;;112600;1200243;0;0;0.2;0.0;124602.43;29;6001215.0;0;0.0;0.0;0.0;0.0;18072;Hash;6;Inner;;0;16032;16032;0;1.0;14329.53;14329.53;126;0.0;0;18073;Hash Join;7;Outer;;0;16032;16032;25;0.04;449.99;14329.53;126;0.0;0;4.896;150.931;12.869;12.869
Q9_36_seed_287141085;18088;Hash Join;5;Outer;;0;64945;1200243;18037;2.9999376882755692e-06;15065.28;148669.64;131;0.0;0;175.668;969.68;18089;Seq Scan;6;Outer;;112600;1200243;0;0;0.2;0.0;124602.43;29;6001215.0;0;0.0;0.0;0.0;0.0;18090;Hash;6;Inner;;0;18037;18037;0;1.0;14794.72;14794.72;126;0.0;0;18091;Hash Join;7;Outer;;0;18037;18037;25;0.04;449.99;14794.72;126;0.0;0;4.699;158.252;12.848;12.848
Q9_37_seed_295345116;18106;Hash Join;5;Outer;;0;67346;1200243;18703;3.0000697390814218e-06;15228.71;148833.07;131;0.0;0;184.433;995.255;18107;Seq Scan;6;Outer;;112600;1200243;0;0;0.2;0.0;124602.43;29;6001215.0;0;0.0;0.0;0.0;0.0;18108;Hash;6;Inner;;0;18703;18703;0;1.0;14948.16;14948.16;126;0.0;0;18109;Hash Join;7;Outer;;0;18703;18703;25;0.04;449.99;14948.16;126;0.0;0;5.394;167.943;13.511;13.511
Q9_38_seed_303549147;18124;Hash Join;5;Outer;;0;64945;1200243;18037;2.9999376882755692e-06;15065.28;148669.64;131;0.0;0;182.916;987.564;18125;Seq Scan;6;Outer;;112600;1200243;0;0;0.2;0.0;124602.43;29;6001215.0;0;0.0;0.0;0.0;0.0;18126;Hash;6;Inner;;0;18037;18037;0;1.0;14794.72;14794.72;126;0.0;0;18127;Hash Join;7;Outer;;0;18037;18037;25;0.04;449.99;14794.72;126;0.0;0;3.575;166.604;12.988;12.988
Q9_39_seed_311753178;18142;Hash Join;5;Outer;;0;48106;1200243;13360;3.0000162492045462e-06;13733.17;147337.5;131;0.0;0;176.292;965.314;18143;Seq Scan;6;Outer;;112600;1200243;0;0;0.2;0.0;124602.43;29;6001215.0;0;0.0;0.0;0.0;0.0;18144;Hash;6;Inner;;0;13360;13360;0;1.0;13532.77;13532.77;126;0.0;0;18145;Hash Join;7;Outer;;0;13360;13360;25;0.04;449.99;13532.77;126;0.0;0;3.697;153.302;14.498;14.498
Q9_41_seed_328161240;18197;Hash Join;5;Outer;;0;60132;1200243;16700;2.9999913041561178e-06;14736.2;148340.56;131;0.0;0;177.941;948.228;18198;Seq Scan;6;Outer;;112600;1200243;0;0;0.2;0.0;124602.43;29;6001215.0;0;0.0;0.0;0.0;0.0;18199;Hash;6;Inner;;0;16700;16700;0;1.0;14485.7;14485.7;126;0.0;0;18200;Hash Join;7;Outer;;0;16700;16700;25;0.04;449.99;14485.7;126;0.0;0;3.128;158.207;13.707;13.707
Q9_42_seed_336365271;18215;Hash Join;5;Outer;;0;72159;1200243;20040;3.0000162492045462e-06;15551.61;149155.98;131;0.0;0;183.031;999.488;18216;Seq Scan;6;Outer;;112600;1200243;0;0;0.2;0.0;124602.43;29;6001215.0;0;0.0;0.0;0.0;0.0;18217;Hash;6;Inner;;0;20040;20040;0;1.0;15251.01;15251.01;126;0.0;0;18218;Hash Join;7;Outer;;0;20040;20040;25;0.04;449.99;15251.01;126;0.0;0;3.735;165.476;14.61;14.61
Q9_43_seed_344569302;18233;Hash Join;5;Outer;;0;55319;1200243;15363;3.000054252124449e-06;14402.78;148007.12;131;0.0;0;180.995;967.736;18234;Seq Scan;6;Outer;;112600;1200243;0;0;0.2;0.0;124602.43;29;6001215.0;0;0.0;0.0;0.0;0.0;18235;Hash;6;Inner;;0;15363;15363;0;1.0;14172.33;14172.33;126;0.0;0;18236;Hash Join;7;Outer;;0;15363;15363;25;0.04;449.99;14172.33;126;0.0;0;5.154;164.007;13.359;13.359
Q9_44_seed_352773333;18251;Hash Join;5;Outer;;0;64945;1200243;18037;2.9999376882755692e-06;15065.28;148669.64;131;0.0;0;176.08;963.978;18252;Seq Scan;6;Outer;;112600;1200243;0;0;0.2;0.0;124602.43;29;6001215.0;0;0.0;0.0;0.0;0.0;18253;Hash;6;Inner;;0;18037;18037;0;1.0;14794.72;14794.72;126;0.0;0;18254;Hash Join;7;Outer;;0;18037;18037;25;0.04;449.99;14794.72;126;0.0;0;5.632;157.784;13.58;13.58
Q9_45_seed_360977364;18269;Hash Join;5;Outer;;0;69752;1200243;19372;2.999943134407429e-06;15390.55;148994.93;131;0.0;0;178.833;973.962;18270;Seq Scan;6;Outer;;112600;1200243;0;0;0.2;0.0;124602.43;29;6001215.0;0;0.0;0.0;0.0;0.0;18271;Hash;6;Inner;;0;19372;19372;0;1.0;15099.97;15099.97;126;0.0;0;18272;Hash Join;7;Outer;;0;19372;19372;25;0.04;449.99;15099.97;126;0.0;0;3.611;161.524;12.829;12.829
Q9_46_seed_369181395;18287;Hash Join;5;Outer;;0;69752;1200243;19372;2.999943134407429e-06;15390.55;148994.93;131;0.0;0;180.391;980.897;18288;Seq Scan;6;Outer;;112600;1200243;0;0;0.2;0.0;124602.43;29;6001215.0;0;0.0;0.0;0.0;0.0;18289;Hash;6;Inner;;0;19372;19372;0;1.0;15099.97;15099.97;126;0.0;0;18290;Hash Join;7;Outer;;0;19372;19372;25;0.04;449.99;15099.97;126;0.0;0;6.386;164.212;12.956;12.957
Q9_47_seed_377385426;18305;Hash Join;5;Outer;;0;48106;1200243;13360;3.0000162492045462e-06;13733.17;147337.5;131;0.0;0;192.861;1004.284;18306;Seq Scan;6;Outer;;112600;1200243;0;0;0.2;0.0;124602.43;29;6001215.0;0;0.0;0.0;0.0;0.0;18307;Hash;6;Inner;;0;13360;13360;0;1.0;13532.77;13532.77;126;0.0;0;18308;Hash Join;7;Outer;;0;13360;13360;25;0.04;449.99;13532.77;126;0.0;0;4.925;169.236;13.695;13.695
Q9_48_seed_385589457;18323;Hash Join;5;Outer;;0;64945;1200243;18037;2.9999376882755692e-06;15065.28;148669.64;131;0.0;0;172.665;984.944;18324;Seq Scan;6;Outer;;112600;1200243;0;0;0.2;0.0;124602.43;29;6001215.0;0;0.0;0.0;0.0;0.0;18325;Hash;6;Inner;;0;18037;18037;0;1.0;14794.72;14794.72;126;0.0;0;18326;Hash Join;7;Outer;;0;18037;18037;25;0.04;449.99;14794.72;126;0.0;0;4.63;156.084;13.522;13.522
Q9_49_seed_393793488;18341;Hash Join;5;Outer;;0;69752;1200243;19372;2.999943134407429e-06;15390.55;148994.93;131;0.0;0;185.301;993.984;18342;Seq Scan;6;Outer;;112600;1200243;0;0;0.2;0.0;124602.43;29;6001215.0;0;0.0;0.0;0.0;0.0;18343;Hash;6;Inner;;0;19372;19372;0;1.0;15099.97;15099.97;126;0.0;0;18344;Hash Join;7;Outer;;0;19372;19372;25;0.04;449.99;15099.97;126;0.0;0;5.191;168.134;13.257;13.257
Q9_4_seed_24612093;18359;Hash Join;5;Outer;;0;72159;1200243;20040;3.0000162492045462e-06;15551.61;149155.98;131;0.0;0;172.291;961.199;18360;Seq Scan;6;Outer;;112600;1200243;0;0;0.2;0.0;124602.43;29;6001215.0;0;0.0;0.0;0.0;0.0;18361;Hash;6;Inner;;0;20040;20040;0;1.0;15251.01;15251.01;126;0.0;0;18362;Hash Join;7;Outer;;0;20040;20040;25;0.04;449.99;15251.01;126;0.0;0;3.613;155.36;13.346;13.346
Q9_50_seed_401997519;18377;Hash Join;5;Outer;;0;72159;1200243;20040;3.0000162492045462e-06;15551.61;149155.98;131;0.0;0;186.411;978.863;18378;Seq Scan;6;Outer;;112600;1200243;0;0;0.2;0.0;124602.43;29;6001215.0;0;0.0;0.0;0.0;0.0;18379;Hash;6;Inner;;0;20040;20040;0;1.0;15251.01;15251.01;126;0.0;0;18380;Hash Join;7;Outer;;0;20040;20040;25;0.04;449.99;15251.01;126;0.0;0;4.04;168.691;13.789;13.789
Q9_51_seed_410201550;18395;Hash Join;5;Outer;;0;72159;1200243;20040;3.0000162492045462e-06;15551.61;149155.98;131;0.0;0;172.259;976.879;18396;Seq Scan;6;Outer;;112600;1200243;0;0;0.2;0.0;124602.43;29;6001215.0;0;0.0;0.0;0.0;0.0;18397;Hash;6;Inner;;0;20040;20040;0;1.0;15251.01;15251.01;126;0.0;0;18398;Hash Join;7;Outer;;0;20040;20040;25;0.04;449.99;15251.01;126;0.0;0;4.701;154.089;13.51;13.51
Q9_52_seed_418405581;18413;Hash Join;5;Outer;;0;74565;1200243;20708;3.0000444129689005e-06;15711.38;149315.75;131;0.0;0;171.858;975.417;18414;Seq Scan;6;Outer;;112600;1200243;0;0;0.2;0.0;124602.43;29;6001215.0;0;0.0;0.0;0.0;0.0;18415;Hash;6;Inner;;0;20708;20708;0;1.0;15400.76;15400.76;126;0.0;0;18416;Hash Join;7;Outer;;0;20708;20708;25;0.04;449.99;15400.76;126;0.0;0;5.494;155.578;13.447;13.447
Q9_53_seed_426609612;18431;Hash Join;5;Outer;;0;67346;1200243;18703;3.0000697390814218e-06;15228.71;148833.07;131;0.0;0;179.485;986.251;18432;Seq Scan;6;Outer;;112600;1200243;0;0;0.2;0.0;124602.43;29;6001215.0;0;0.0;0.0;0.0;0.0;18433;Hash;6;Inner;;0;18703;18703;0;1.0;14948.16;14948.16;126;0.0;0;18434;Hash Join;7;Outer;;0;18703;18703;25;0.04;449.99;14948.16;126;0.0;0;4.914;162.366;13.444;13.444
Q9_54_seed_434813643;18449;Hash Join;5;Outer;;0;69752;1200243;19372;2.999943134407429e-06;15390.55;148994.93;131;0.0;0;181.843;972.322;18450;Seq Scan;6;Outer;;112600;1200243;0;0;0.2;0.0;124602.43;29;6001215.0;0;0.0;0.0;0.0;0.0;18451;Hash;6;Inner;;0;19372;19372;0;1.0;15099.97;15099.97;126;0.0;0;18452;Hash Join;7;Outer;;0;19372;19372;25;0.04;449.99;15099.97;126;0.0;0;4.439;164.721;13.387;13.388
Q9_55_seed_443017674;18467;Hash Join;5;Outer;;0;62539;1200243;17368;3.0000738147009185e-06;14901.38;148505.73;131;0.0;0;178.608;955.17;18468;Seq Scan;6;Outer;;112600;1200243;0;0;0.2;0.0;124602.43;29;6001215.0;0;0.0;0.0;0.0;0.0;18469;Hash;6;Inner;;0;17368;17368;0;1.0;14640.86;14640.86;126;0.0;0;18470;Hash Join;7;Outer;;0;17368;17368;25;0.04;449.99;14640.86;126;0.0;0;5.385;161.523;13.691;13.692
Q9_56_seed_451221705;18485;Hash Join;5;Outer;;0;52919;1200243;14697;2.999948179451045e-06;14233.85;147838.19;131;0.0;0;185.129;984.538;18486;Seq Scan;6;Outer;;112600;1200243;0;0;0.2;0.0;124602.43;29;6001215.0;0;0.0;0.0;0.0;0.0;18487;Hash;6;Inner;;0;14697;14697;0;1.0;14013.39;14013.39;126;0.0;0;18488;Hash Join;7;Outer;;0;14697;14697;25;0.04;449.99;14013.39;126;0.0;0;5.935;167.582;13.288;13.288
Q9_57_seed_459425736;18503;Hash Join;5;Outer;;0;72159;1200243;20040;3.0000162492045462e-06;15551.61;149155.98;131;0.0;0;176.481;960.326;18504;Seq Scan;6;Outer;;112600;1200243;0;0;0.2;0.0;124602.43;29;6001215.0;0;0.0;0.0;0.0;0.0;18505;Hash;6;Inner;;0;20040;20040;0;1.0;15251.01;15251.01;126;0.0;0;18506;Hash Join;7;Outer;;0;20040;20040;25;0.04;449.99;15251.01;126;0.0;0;5.419;159.494;12.984;12.985
Q9_58_seed_467629767;18521;Hash Join;5;Outer;;0;60132;1200243;16700;2.9999913041561178e-06;14736.2;148340.56;131;0.0;0;187.828;978.505;18522;Seq Scan;6;Outer;;112600;1200243;0;0;0.2;0.0;124602.43;29;6001215.0;0;0.0;0.0;0.0;0.0;18523;Hash;6;Inner;;0;16700;16700;0;1.0;14485.7;14485.7;126;0.0;0;18524;Hash Join;7;Outer;;0;16700;16700;25;0.04;449.99;14485.7;126;0.0;0;5.285;170.686;13.079;13.079
Q9_59_seed_475833798;18539;Hash Join;5;Outer;;0;69752;1200243;19372;2.999943134407429e-06;15390.55;148994.93;131;0.0;0;181.888;961.094;18540;Seq Scan;6;Outer;;112600;1200243;0;0;0.2;0.0;124602.43;29;6001215.0;0;0.0;0.0;0.0;0.0;18541;Hash;6;Inner;;0;19372;19372;0;1.0;15099.97;15099.97;126;0.0;0;18542;Hash Join;7;Outer;;0;19372;19372;25;0.04;449.99;15099.97;126;0.0;0;4.375;164.392;13.869;13.869
Q9_5_seed_32816124;18557;Hash Join;5;Outer;;0;50512;1200243;14028;3.0000578242852597e-06;13989.83;147594.16;131;0.0;0;179.181;986.964;18558;Seq Scan;6;Outer;;112600;1200243;0;0;0.2;0.0;124602.43;29;6001215.0;0;0.0;0.0;0.0;0.0;18559;Hash;6;Inner;;0;14028;14028;0;1.0;13779.41;13779.41;126;0.0;0;18560;Hash Join;7;Outer;;0;14028;14028;25;0.04;449.99;13779.41;126;0.0;0;5.096;162.952;13.228;13.228
Q9_60_seed_484037829;18575;Hash Join;5;Outer;;0;62539;1200243;17368;3.0000738147009185e-06;14901.38;148505.73;131;0.0;0;184.839;971.861;18576;Seq Scan;6;Outer;;112600;1200243;0;0;0.2;0.0;124602.43;29;6001215.0;0;0.0;0.0;0.0;0.0;18577;Hash;6;Inner;;0;17368;17368;0;1.0;14640.86;14640.86;126;0.0;0;18578;Hash Join;7;Outer;;0;17368;17368;25;0.04;449.99;14640.86;126;0.0;0;3.964;166.697;12.97;12.97
Q9_61_seed_492241860;18593;Hash Join;5;Outer;;0;67346;1200243;18703;3.0000697390814218e-06;15228.71;148833.07;131;0.0;0;177.133;948.142;18594;Seq Scan;6;Outer;;112600;1200243;0;0;0.2;0.0;124602.43;29;6001215.0;0;0.0;0.0;0.0;0.0;18595;Hash;6;Inner;;0;18703;18703;0;1.0;14948.16;14948.16;126;0.0;0;18596;Hash Join;7;Outer;;0;18703;18703;25;0.04;449.99;14948.16;126;0.0;0;3.391;157.967;15.182;15.183
Q9_62_seed_500445891;18610;Hash Join;4;Outer;;0;128019;483871;79372;3.3333238719173996e-06;150625.41;183990.72;159;0.0;0;1045.434;1234.141;18611;Seq Scan;5;Outer;;26136;483871;0;0;0.3225806666666667;0.0;30974.71;8;1500000.0;0;0.0;0.0;0.0;0.0;18612;Hash;5;Inner;;0;79372;79372;0;1.0;149633.26;149633.26;131;0.0;0;18613;Hash Join;6;Outer;;0;79372;1200243;22043;3.0000427355656793e-06;16028.88;149633.26;131;0.0;0;0.063;686.986;220.819;220.821
Q9_62_seed_500445891;18613;Hash Join;6;Outer;;0;79372;1200243;22043;3.0000427355656793e-06;16028.88;149633.26;131;0.0;0;223.845;1026.885;18614;Seq Scan;7;Outer;;112600;1200243;0;0;0.2;0.0;124602.43;29;6001215.0;0;0.0;0.0;0.0;0.0;18615;Hash;7;Inner;;0;22043;22043;0;1.0;15698.23;15698.23;126;0.0;0;18616;Hash Join;8;Outer;;0;22043;22043;25;0.04;449.99;15698.23;126;0.0;0;6.116;202.976;14.792;14.792
Q9_63_seed_508649922;18630;Hash Join;5;Outer;;0;69752;1200243;19372;2.999943134407429e-06;15390.55;148994.93;131;0.0;0;181.254;987.351;18631;Seq Scan;6;Outer;;112600;1200243;0;0;0.2;0.0;124602.43;29;6001215.0;0;0.0;0.0;0.0;0.0;18632;Hash;6;Inner;;0;19372;19372;0;1.0;15099.97;15099.97;126;0.0;0;18633;Hash Join;7;Outer;;0;19372;19372;25;0.04;449.99;15099.97;126;0.0;0;5.978;163.541;13.362;13.362
Q9_65_seed_525057984;18666;Hash Join;5;Outer;;0;55319;1200243;15363;3.000054252124449e-06;14402.78;148007.12;131;0.0;0;168.484;965.366;18667;Seq Scan;6;Outer;;112600;1200243;0;0;0.2;0.0;124602.43;29;6001215.0;0;0.0;0.0;0.0;0.0;18668;Hash;6;Inner;;0;15363;15363;0;1.0;14172.33;14172.33;126;0.0;0;18669;Hash Join;7;Outer;;0;15363;15363;25;0.04;449.99;14172.33;126;0.0;0;4.517;151.642;12.938;12.938
Q9_66_seed_533262015;18684;Hash Join;5;Outer;;0;43293;1200243;12023;3.000099458151332e-06;13202.71;146807.04;131;0.0;0;181.459;973.912;18685;Seq Scan;6;Outer;;112600;1200243;0;0;0.2;0.0;124602.43;29;6001215.0;0;0.0;0.0;0.0;0.0;18686;Hash;6;Inner;;0;12023;12023;0;1.0;13022.37;13022.37;126;0.0;0;18687;Hash Join;7;Outer;;0;12023;12023;25;0.04;449.99;13022.37;126;0.0;0;7.623;158.818;13.717;13.717
Q9_67_seed_541466046;18702;Hash Join;5;Outer;;0;60132;1200243;16700;2.9999913041561178e-06;14736.2;148340.56;131;0.0;0;183.685;977.867;18703;Seq Scan;6;Outer;;112600;1200243;0;0;0.2;0.0;124602.43;29;6001215.0;0;0.0;0.0;0.0;0.0;18704;Hash;6;Inner;;0;16700;16700;0;1.0;14485.7;14485.7;126;0.0;0;18705;Hash Join;7;Outer;;0;16700;16700;25;0.04;449.99;14485.7;126;0.0;0;5.771;166.386;13.718;13.718
Q9_68_seed_549670077;18720;Hash Join;5;Outer;;0;60132;1200243;16700;2.9999913041561178e-06;14736.2;148340.56;131;0.0;0;178.19;971.902;18721;Seq Scan;6;Outer;;112600;1200243;0;0;0.2;0.0;124602.43;29;6001215.0;0;0.0;0.0;0.0;0.0;18722;Hash;6;Inner;;0;16700;16700;0;1.0;14485.7;14485.7;126;0.0;0;18723;Hash Join;7;Outer;;0;16700;16700;25;0.04;449.99;14485.7;126;0.0;0;4.805;162.355;12.815;12.815
Q9_6_seed_41020155;18757;Hash Join;5;Outer;;0;69752;1200243;19372;2.999943134407429e-06;15390.55;148994.93;131;0.0;0;184.921;979.552;18758;Seq Scan;6;Outer;;112600;1200243;0;0;0.2;0.0;124602.43;29;6001215.0;0;0.0;0.0;0.0;0.0;18759;Hash;6;Inner;;0;19372;19372;0;1.0;15099.97;15099.97;126;0.0;0;18760;Hash Join;7;Outer;;0;19372;19372;25;0.04;449.99;15099.97;126;0.0;0;4.094;167.316;14.557;14.557
Q9_70_seed_566078139;18775;Hash Join;5;Outer;;0;69752;1200243;19372;2.999943134407429e-06;15390.55;148994.93;131;0.0;0;175.604;970.43;18776;Seq Scan;6;Outer;;112600;1200243;0;0;0.2;0.0;124602.43;29;6001215.0;0;0.0;0.0;0.0;0.0;18777;Hash;6;Inner;;0;19372;19372;0;1.0;15099.97;15099.97;126;0.0;0;18778;Hash Join;7;Outer;;0;19372;19372;25;0.04;449.99;15099.97;126;0.0;0;5.191;158.743;13.279;13.279
Q9_71_seed_574282170;18793;Hash Join;5;Outer;;0;52919;1200243;14697;2.999948179451045e-06;14233.85;147838.19;131;0.0;0;189.446;994.475;18794;Seq Scan;6;Outer;;112600;1200243;0;0;0.2;0.0;124602.43;29;6001215.0;0;0.0;0.0;0.0;0.0;18795;Hash;6;Inner;;0;14697;14697;0;1.0;14013.39;14013.39;126;0.0;0;18796;Hash Join;7;Outer;;0;14697;14697;25;0.04;449.99;14013.39;126;0.0;0;6.105;172.87;13.41;13.41
Q9_73_seed_590690232;18830;Hash Join;5;Outer;;0;72159;1200243;20040;3.0000162492045462e-06;15551.61;149155.98;131;0.0;0;173.906;959.622;18831;Seq Scan;6;Outer;;112600;1200243;0;0;0.2;0.0;124602.43;29;6001215.0;0;0.0;0.0;0.0;0.0;18832;Hash;6;Inner;;0;20040;20040;0;1.0;15251.01;15251.01;126;0.0;0;18833;Hash Join;7;Outer;;0;20040;20040;25;0.04;449.99;15251.01;126;0.0;0;5.204;157.096;13.701;13.702
Q9_74_seed_598894263;18847;Hash Join;4;Outer;;0;131901;483871;81779;3.3333176222132152e-06;150812.72;184195.5;159;0.0;0;1024.115;1211.027;18848;Seq Scan;5;Outer;;26136;483871;0;0;0.3225806666666667;0.0;30974.71;8;1500000.0;0;0.0;0.0;0.0;0.0;18849;Hash;5;Inner;;0;81779;81779;0;1.0;149790.48;149790.48;131;0.0;0;18850;Hash Join;6;Outer;;0;81779;1200243;22712;2.9999722285308492e-06;16186.09;149790.48;131;0.0;0;0.155;676.638;212.195;212.196
Q9_74_seed_598894263;18850;Hash Join;6;Outer;;0;81779;1200243;22712;2.9999722285308492e-06;16186.09;149790.48;131;0.0;0;212.743;1005.3;18851;Seq Scan;7;Outer;;112600;1200243;0;0;0.2;0.0;124602.43;29;6001215.0;0;0.0;0.0;0.0;0.0;18852;Hash;7;Inner;;0;22712;22712;0;1.0;15845.41;15845.41;126;0.0;0;18853;Hash Join;8;Outer;;0;22712;22712;25;0.04;449.99;15845.41;126;0.0;0;5.034;194.086;14.963;14.963
Q9_75_seed_607098294;18867;Hash Join;5;Outer;;0;57726;1200243;16032;2.999953886583476e-06;14570.01;148174.36;131;0.0;0;179.523;1002.331;18868;Seq Scan;6;Outer;;112600;1200243;0;0;0.2;0.0;124602.43;29;6001215.0;0;0.0;0.0;0.0;0.0;18869;Hash;6;Inner;;0;16032;16032;0;1.0;14329.53;14329.53;126;0.0;0;18870;Hash Join;7;Outer;;0;16032;16032;25;0.04;449.99;14329.53;126;0.0;0;4.453;163.51;12.63;12.631
Q9_76_seed_615302325;18885;Hash Join;5;Outer;;0;52919;1200243;14697;2.999948179451045e-06;14233.85;147838.19;131;0.0;0;186.361;981.41;18886;Seq Scan;6;Outer;;112600;1200243;0;0;0.2;0.0;124602.43;29;6001215.0;0;0.0;0.0;0.0;0.0;18887;Hash;6;Inner;;0;14697;14697;0;1.0;14013.39;14013.39;126;0.0;0;18888;Hash Join;7;Outer;;0;14697;14697;25;0.04;449.99;14013.39;126;0.0;0;5.848;166.943;13.369;13.369
Q9_77_seed_623506356;18903;Hash Join;5;Outer;;0;55319;1200243;15363;3.000054252124449e-06;14402.78;148007.12;131;0.0;0;179.469;958.516;18904;Seq Scan;6;Outer;;112600;1200243;0;0;0.2;0.0;124602.43;29;6001215.0;0;0.0;0.0;0.0;0.0;18905;Hash;6;Inner;;0;15363;15363;0;1.0;14172.33;14172.33;126;0.0;0;18906;Hash Join;7;Outer;;0;15363;15363;25;0.04;449.99;14172.33;126;0.0;0;4.746;162.309;13.136;13.136
Q9_78_seed_631710387;18921;Hash Join;5;Outer;;0;62539;1200243;17368;3.0000738147009185e-06;14901.38;148505.73;131;0.0;0;181.145;989.564;18922;Seq Scan;6;Outer;;112600;1200243;0;0;0.2;0.0;124602.43;29;6001215.0;0;0.0;0.0;0.0;0.0;18923;Hash;6;Inner;;0;17368;17368;0;1.0;14640.86;14640.86;126;0.0;0;18924;Hash Join;7;Outer;;0;17368;17368;25;0.04;449.99;14640.86;126;0.0;0;3.522;164.873;13.172;13.172
Q9_7_seed_49224186;18956;Hash Join;4;Outer;;0;131901;483871;81779;3.3333176222132152e-06;150812.72;184195.5;159;0.0;0;1045.024;1237.342;18957;Seq Scan;5;Outer;;26136;483871;0;0;0.3225806666666667;0.0;30974.71;8;1500000.0;0;0.0;0.0;0.0;0.0;18958;Hash;5;Inner;;0;81779;81779;0;1.0;149790.48;149790.48;131;0.0;0;18959;Hash Join;6;Outer;;0;81779;1200243;22712;2.9999722285308492e-06;16186.09;149790.48;131;0.0;0;0.198;695.974;213.292;213.293
Q9_7_seed_49224186;18959;Hash Join;6;Outer;;0;81779;1200243;22712;2.9999722285308492e-06;16186.09;149790.48;131;0.0;0;214.139;1026.441;18960;Seq Scan;7;Outer;;112600;1200243;0;0;0.2;0.0;124602.43;29;6001215.0;0;0.0;0.0;0.0;0.0;18961;Hash;7;Inner;;0;22712;22712;0;1.0;15845.41;15845.41;126;0.0;0;18962;Hash Join;8;Outer;;0;22712;22712;25;0.04;449.99;15845.41;126;0.0;0;4.877;195.397;14.626;14.626
Q9_81_seed_656322480;18994;Hash Join;5;Outer;;0;52919;1200243;14697;2.999948179451045e-06;14233.85;147838.19;131;0.0;0;183.105;984.708;18995;Seq Scan;6;Outer;;112600;1200243;0;0;0.2;0.0;124602.43;29;6001215.0;0;0.0;0.0;0.0;0.0;18996;Hash;6;Inner;;0;14697;14697;0;1.0;14013.39;14013.39;126;0.0;0;18997;Hash Join;7;Outer;;0;14697;14697;25;0.04;449.99;14013.39;126;0.0;0;5.292;165.902;13.067;13.067
Q9_82_seed_664526511;19012;Hash Join;5;Outer;;0;62539;1200243;17368;3.0000738147009185e-06;14901.38;148505.73;131;0.0;0;186.169;975.826;19013;Seq Scan;6;Outer;;112600;1200243;0;0;0.2;0.0;124602.43;29;6001215.0;0;0.0;0.0;0.0;0.0;19014;Hash;6;Inner;;0;17368;17368;0;1.0;14640.86;14640.86;126;0.0;0;19015;Hash Join;7;Outer;;0;17368;17368;25;0.04;449.99;14640.86;126;0.0;0;5.132;168.224;13.542;13.542
Q9_83_seed_672730542;19030;Hash Join;5;Outer;;0;67346;1200243;18703;3.0000697390814218e-06;15228.71;148833.07;131;0.0;0;184.07;929.366;19031;Seq Scan;6;Outer;;112600;1200243;0;0;0.2;0.0;124602.43;29;6001215.0;0;0.0;0.0;0.0;0.0;19032;Hash;6;Inner;;0;18703;18703;0;1.0;14948.16;14948.16;126;0.0;0;19033;Hash Join;7;Outer;;0;18703;18703;25;0.04;449.99;14948.16;126;0.0;0;5.281;167.369;13.234;13.234
Q9_84_seed_680934573;19047;Hash Join;4;Outer;;0;131901;483871;81779;3.3333176222132152e-06;150812.72;184195.5;159;0.0;0;999.791;1192.518;19048;Seq Scan;5;Outer;;26136;483871;0;0;0.3225806666666667;0.0;30974.71;8;1500000.0;0;0.0;0.0;0.0;0.0;19049;Hash;5;Inner;;0;81779;81779;0;1.0;149790.48;149790.48;131;0.0;0;19050;Hash Join;6;Outer;;0;81779;1200243;22712;2.9999722285308492e-06;16186.09;149790.48;131;0.0;0;0.302;652.853;212.564;212.565
Q9_84_seed_680934573;19050;Hash Join;6;Outer;;0;81779;1200243;22712;2.9999722285308492e-06;16186.09;149790.48;131;0.0;0;213.367;981.429;19051;Seq Scan;7;Outer;;112600;1200243;0;0;0.2;0.0;124602.43;29;6001215.0;0;0.0;0.0;0.0;0.0;19052;Hash;7;Inner;;0;22712;22712;0;1.0;15845.41;15845.41;126;0.0;0;19053;Hash Join;8;Outer;;0;22712;22712;25;0.04;449.99;15845.41;126;0.0;0;4.989;194.164;14.839;14.839
Q9_85_seed_689138604;19067;Hash Join;5;Outer;;0;69752;1200243;19372;2.999943134407429e-06;15390.55;148994.93;131;0.0;0;179.988;1024.216;19068;Seq Scan;6;Outer;;112600;1200243;0;0;0.2;0.0;124602.43;29;6001215.0;0;0.0;0.0;0.0;0.0;19069;Hash;6;Inner;;0;19372;19372;0;1.0;15099.97;15099.97;126;0.0;0;19070;Hash Join;7;Outer;;0;19372;19372;25;0.04;449.99;15099.97;126;0.0;0;4.058;161.629;15.228;15.229
Q9_86_seed_697342635;19085;Hash Join;5;Outer;;0;50512;1200243;14028;3.0000578242852597e-06;13989.83;147594.16;131;0.0;0;186.726;963.211;19086;Seq Scan;6;Outer;;112600;1200243;0;0;0.2;0.0;124602.43;29;6001215.0;0;0.0;0.0;0.0;0.0;19087;Hash;6;Inner;;0;14028;14028;0;1.0;13779.41;13779.41;126;0.0;0;19088;Hash Join;7;Outer;;0;14028;14028;25;0.04;449.99;13779.41;126;0.0;0;5.714;169.532;13.73;13.731
Q9_87_seed_705546666;19103;Hash Join;5;Outer;;0;52919;1200243;14697;2.999948179451045e-06;14233.85;147838.19;131;0.0;0;177.083;950.66;19104;Seq Scan;6;Outer;;112600;1200243;0;0;0.2;0.0;124602.43;29;6001215.0;0;0.0;0.0;0.0;0.0;19105;Hash;6;Inner;;0;14697;14697;0;1.0;14013.39;14013.39;126;0.0;0;19106;Hash Join;7;Outer;;0;14697;14697;25;0.04;449.99;14013.39;126;0.0;0;4.867;160.384;13.583;13.583
Q9_88_seed_713750697;19120;Hash Join;4;Outer;;0;131901;483871;81779;3.3333176222132152e-06;150812.72;184195.5;159;0.0;0;1055.31;1245.02;19121;Seq Scan;5;Outer;;26136;483871;0;0;0.3225806666666667;0.0;30974.71;8;1500000.0;0;0.0;0.0;0.0;0.0;19122;Hash;5;Inner;;0;81779;81779;0;1.0;149790.48;149790.48;131;0.0;0;19123;Hash Join;6;Outer;;0;81779;1200243;22712;2.9999722285308492e-06;16186.09;149790.48;131;0.0;0;0.82;698.146;219.189;219.191
Q9_88_seed_713750697;19123;Hash Join;6;Outer;;0;81779;1200243;22712;2.9999722285308492e-06;16186.09;149790.48;131;0.0;0;220.736;1036.038;19124;Seq Scan;7;Outer;;112600;1200243;0;0;0.2;0.0;124602.43;29;6001215.0;0;0.0;0.0;0.0;0.0;19125;Hash;7;Inner;;0;22712;22712;0;1.0;15845.41;15845.41;126;0.0;0;19126;Hash Join;8;Outer;;0;22712;22712;25;0.04;449.99;15845.41;126;0.0;0;7.181;200.639;15.261;15.261
Q9_89_seed_721954728;19140;Hash Join;5;Outer;;0;64945;1200243;18037;2.9999376882755692e-06;15065.28;148669.64;131;0.0;0;191.72;989.173;19141;Seq Scan;6;Outer;;112600;1200243;0;0;0.2;0.0;124602.43;29;6001215.0;0;0.0;0.0;0.0;0.0;19142;Hash;6;Inner;;0;18037;18037;0;1.0;14794.72;14794.72;126;0.0;0;19143;Hash Join;7;Outer;;0;18037;18037;25;0.04;449.99;14794.72;126;0.0;0;5.061;173.845;13.467;13.467
Q9_8_seed_57428217;19158;Hash Join;5;Outer;;0;64945;1200243;18037;2.9999376882755692e-06;15065.28;148669.64;131;0.0;0;182.705;974.091;19159;Seq Scan;6;Outer;;112600;1200243;0;0;0.2;0.0;124602.43;29;6001215.0;0;0.0;0.0;0.0;0.0;19160;Hash;6;Inner;;0;18037;18037;0;1.0;14794.72;14794.72;126;0.0;0;19161;Hash Join;7;Outer;;0;18037;18037;25;0.04;449.99;14794.72;126;0.0;0;5.286;165.269;13.523;13.523
Q9_90_seed_730158759;19176;Hash Join;5;Outer;;0;67346;1200243;18703;3.0000697390814218e-06;15228.71;148833.07;131;0.0;0;186.036;1011.203;19177;Seq Scan;6;Outer;;112600;1200243;0;0;0.2;0.0;124602.43;29;6001215.0;0;0.0;0.0;0.0;0.0;19178;Hash;6;Inner;;0;18703;18703;0;1.0;14948.16;14948.16;126;0.0;0;19179;Hash Join;7;Outer;;0;18703;18703;25;0.04;449.99;14948.16;126;0.0;0;4.591;168.9;12.783;12.784
Q9_92_seed_746566821;19212;Hash Join;5;Outer;;0;64945;1200243;18037;2.9999376882755692e-06;15065.28;148669.64;131;0.0;0;182.637;977.868;19213;Seq Scan;6;Outer;;112600;1200243;0;0;0.2;0.0;124602.43;29;6001215.0;0;0.0;0.0;0.0;0.0;19214;Hash;6;Inner;;0;18037;18037;0;1.0;14794.72;14794.72;126;0.0;0;19215;Hash Join;7;Outer;;0;18037;18037;25;0.04;449.99;14794.72;126;0.0;0;3.976;165.134;13.303;13.303
Q9_95_seed_771178914;19267;Hash Join;5;Outer;;0;48106;1200243;13360;3.0000162492045462e-06;13733.17;147337.5;131;0.0;0;180.944;957.441;19268;Seq Scan;6;Outer;;112600;1200243;0;0;0.2;0.0;124602.43;29;6001215.0;0;0.0;0.0;0.0;0.0;19269;Hash;6;Inner;;0;13360;13360;0;1.0;13532.77;13532.77;126;0.0;0;19270;Hash Join;7;Outer;;0;13360;13360;25;0.04;449.99;13532.77;126;0.0;0;4.307;158.763;15.385;15.386
Q9_96_seed_779382945;19285;Hash Join;5;Outer;;0;69752;1200243;19372;2.999943134407429e-06;15390.55;148994.93;131;0.0;0;174.553;985.004;19286;Seq Scan;6;Outer;;112600;1200243;0;0;0.2;0.0;124602.43;29;6001215.0;0;0.0;0.0;0.0;0.0;19287;Hash;6;Inner;;0;19372;19372;0;1.0;15099.97;15099.97;126;0.0;0;19288;Hash Join;7;Outer;;0;19372;19372;25;0.04;449.99;15099.97;126;0.0;0;3.237;158.603;12.703;12.703
Q9_98_seed_795791007;19321;Hash Join;5;Outer;;0;72159;1200243;20040;3.0000162492045462e-06;15551.61;149155.98;131;0.0;0;178.869;985.571;19322;Seq Scan;6;Outer;;112600;1200243;0;0;0.2;0.0;124602.43;29;6001215.0;0;0.0;0.0;0.0;0.0;19323;Hash;6;Inner;;0;20040;20040;0;1.0;15251.01;15251.01;126;0.0;0;19324;Hash Join;7;Outer;;0;20040;20040;25;0.04;449.99;15251.01;126;0.0;0;4.661;161.621;13.864;13.865
Q9_99_seed_803995038;19339;Hash Join;5;Outer;;0;60132;1200243;16700;2.9999913041561178e-06;14736.2;148340.56;131;0.0;0;184.2;1027.346;19340;Seq Scan;6;Outer;;112600;1200243;0;0;0.2;0.0;124602.43;29;6001215.0;0;0.0;0.0;0.0;0.0;19341;Hash;6;Inner;;0;16700;16700;0;1.0;14485.7;14485.7;126;0.0;0;19342;Hash Join;7;Outer;;0;16700;16700;25;0.04;449.99;14485.7;126;0.0;0;5.516;168.461;12.43;12.43
Q9_9_seed_65632248;19357;Hash Join;5;Outer;;0;67346;1200243;18703;3.0000697390814218e-06;15228.71;148833.07;131;0.0;0;177.61;972.638;19358;Seq Scan;6;Outer;;112600;1200243;0;0;0.2;0.0;124602.43;29;6001215.0;0;0.0;0.0;0.0;0.0;19359;Hash;6;Inner;;0;18703;18703;0;1.0;14948.16;14948.16;126;0.0;0;19360;Hash Join;7;Outer;;0;18703;18703;25;0.04;449.99;14948.16;126;0.0;0;5.829;160.734;13.566;13.566
